wvl_nm	xsec_ClNO3	A1	A2
300	3.13e-20	0.00364	7.36e-06\r
302	2.74e-20	0.00383	8.38e-06\r
304	2.39e-20	0.00401	9.3e-06\r
306	2.09e-20	0.00418	1.02e-05\r
308	1.83e-20	0.00436	1.11e-05\r
310	1.6e-20	0.00453	1.2e-05\r
312	1.4e-20	0.00471	1.3e-05\r
314	1.22e-20	0.00489	1.42e-05\r
316	1.07e-20	0.00507	1.56e-05\r
318	9.47e-21	0.00524	1.69e-05\r
320	8.31e-21	0.0054	1.84e-05\r
322	7.31e-21	0.00555	2e-05\r
324	6.47e-21	0.00568	2.18e-05\r
326	5.78e-21	0.0058	2.36e-05\r
328	5.18e-21	0.00588	2.54e-05\r
330	4.66e-21	0.00592	2.7e-05\r
332	4.2e-21	0.00592	2.84e-05\r
334	3.82e-21	0.00588	2.96e-05\r
336	3.51e-21	0.0058	3.05e-05\r
338	3.26e-21	0.00568	3.1e-05\r
340	3.02e-21	0.00551	3.11e-05\r
342	2.82e-21	0.00532	3.08e-05\r
344	2.64e-21	0.00507	2.96e-05\r
346	2.52e-21	0.00476	2.74e-05\r
348	2.43e-21	0.00439	2.42e-05\r
350	2.29e-21	0.00402	2.07e-05\r
352	2.18e-21	0.00368	1.76e-05\r
354	2.12e-21	0.0034	1.5e-05\r
356	2.05e-21	0.00315	1.27e-05\r
358	2.03e-21	0.00292	1.06e-05\r
360	2e-21	0.0027	8.59e-06\r
362	1.9e-21	0.00247	6.38e-06\r
364	1.84e-21	0.00222	3.66e-06\r
366	1.75e-21	0.00193	2.42e-07\r
368	1.66e-21	0.00162	-3.62e-06\r
370	1.59e-21	0.00133	-7.4e-06\r
372	1.51e-21	0.00107	-1.07e-05\r
374	1.44e-21	0.00086	-1.33e-05\r
376	1.38e-21	0.000673	-1.54e-05\r
378	1.29e-21	0.000501	-1.74e-05\r
380	1.21e-21	0.000353	-1.91e-05\r
382	1.15e-21	0.000254	-2.05e-05\r
384	1.08e-21	0.000225	-2.11e-05\r
386	1.03e-21	0.000262	-2.11e-05\r
388	9.7e-22	0.000333	-2.08e-05\r
390	9.09e-22	0.00041	-2.05e-05\r
392	8.49e-22	0.000504	-2.02e-05\r
394	7.8e-22	0.000662	-1.94e-05\r
396	7.4e-22	0.000895	-1.79e-05\r
398	7.1e-22	0.00114	-1.61e-05\r
400	6.38e-22	0.00138	-1.42e-05\r
402	5.99e-22	0.00163	-1.2e-05\r
404	5.68e-22	0.00196	-8.97e-06\r
406	5.13e-22	0.00236	-5.15e-06\r
408	4.81e-22	0.00284	-6.64e-07\r
410	4.44e-22	0.00338	4.47e-06\r
412	4.13e-22	0.00396	1e-05\r
414	3.73e-22	0.00456	1.6e-05\r
416	3.56e-22	0.00522	2.28e-05\r
418	3.17e-22	0.00596	3.07e-05\r
420	3.16e-22	0.0067	3.87e-05\r
422	2.75e-22	0.0073	4.58e-05\r
424	2.42e-22	0.00782	5.22e-05\r
426	2.22e-22	0.00841	5.95e-05\r
428	2.07e-22	0.00911	6.79e-05\r
430	1.89e-22	0.00972	7.52e-05\r
432	1.88e-22	0.00996	7.81e-05\r
434	0	0	0\r
436	0	0	0\r
438	0	0	0\r
440	0	0	0\r
442	0	0	0\r
444	0	0	0\r
446	0	0	0\r
448	0	0	0\r
450	0	0	0\r
452	0	0	0\r
454	0	0	0\r
456	0	0	0\r
458	0	0	0\r
460	0	0	0\r
462	0	0	0\r
464	0	0	0\r
466	0	0	0\r
468	0	0	0\r
470	0	0	0\r
472	0	0	0\r
474	0	0	0\r
476	0	0	0\r
478	0	0	0\r
480	0	0	0\r
482	0	0	0\r
484	0	0	0\r
486	0	0	0\r
488	0	0	0\r
490	0	0	0\r
492	0	0	0\r
494	0	0	0\r
496	0	0	0\r
498	0	0	0\r
500	0	0	0\r
502	0	0	0\r
504	0	0	0\r
506	0	0	0\r
508	0	0	0\r
510	0	0	0\r
512	0	0	0\r
514	0	0	0\r
516	0	0	0\r
518	0	0	0\r
520	0	0	0\r
522	0	0	0\r
524	0	0	0\r
526	0	0	0\r
528	0	0	0\r
530	0	0	0\r
532	0	0	0\r
534	0	0	0\r
536	0	0	0\r
538	0	0	0\r
540	0	0	0\r
542	0	0	0\r
544	0	0	0\r
546	0	0	0\r
548	0	0	0\r
550	0	0	0\r
552	0	0	0\r
554	0	0	0\r
556	0	0	0\r
558	0	0	0\r
560	0	0	0\r
562	0	0	0\r
564	0	0	0\r
566	0	0	0\r
568	0	0	0\r
570	0	0	0\r
572	0	0	0\r
574	0	0	0\r
576	0	0	0\r
578	0	0	0\r
580	0	0	0\r
582	0	0	0\r
584	0	0	0\r
586	0	0	0\r
588	0	0	0\r
590	0	0	0\r
592	0	0	0\r
594	0	0	0\r
596	0	0	0\r
598	0	0	0\r
600	0	0	0\r
602	0	0	0\r
604	0	0	0\r
606	0	0	0\r
608	0	0	0\r
610	0	0	0\r
612	0	0	0\r
614	0	0	0\r
616	0	0	0\r
618	0	0	0\r
620	0	0	0\r
622	0	0	0\r
624	0	0	0\r
626	0	0	0\r
628	0	0	0\r
630	0	0	0\r
632	0	0	0\r
634	0	0	0\r
636	0	0	0\r
638	0	0	0\r
640	0	0	0\r
642	0	0	0\r
644	0	0	0\r
646	0	0	0\r
648	0	0	0\r
650	0	0	0\r
652	0	0	0\r
654	0	0	0\r
656	0	0	0\r
658	0	0	0\r
660	0	0	0\r
662	0	0	0\r
664	0	0	0\r
666	0	0	0\r
668	0	0	0\r
670	0	0	0\r
672	0	0	0\r
674	0	0	0\r
676	0	0	0\r
678	0	0	0\r
680	0	0	0\r
682	0	0	0\r
684	0	0	0\r
686	0	0	0\r
688	0	0	0\r
690	0	0	0\r
692	0	0	0\r
694	0	0	0\r
696	0	0	0\r
698	0	0	0\r
700	0	0	0\r
702	0	0	0\r
704	0	0	0\r
706	0	0	0\r
708	0	0	0\r
710	0	0	0\r
712	0	0	0\r
714	0	0	0\r
716	0	0	0\r
718	0	0	0\r
720	0	0	0\r
722	0	0	0\r
724	0	0	0\r
726	0	0	0\r
728	0	0	0\r
730	0	0	0\r
732	0	0	0\r
734	0	0	0\r
736	0	0	0\r
738	0	0	0\r
740	0	0	0\r
742	0	0	0\r
744	0	0	0\r
746	0	0	0\r
748	0	0	0\r
750	0	0	0\r
752	0	0	0\r
754	0	0	0\r
756	0	0	0\r
758	0	0	0\r
760	0	0	0\r
762	0	0	0\r
764	0	0	0\r
766	0	0	0\r
768	0	0	0\r
770	0	0	0\r
772	0	0	0\r
774	0	0	0\r
776	0	0	0\r
778	0	0	0\r
780	0	0	0\r
782	0	0	0\r
784	0	0	0\r
786	0	0	0\r
788	0	0	0\r
790	0	0	0\r
792	0	0	0\r
794	0	0	0\r
796	0	0	0\r
798	0	0	0\r
800	0	0	0\r
802	0	0	0\r
804	0	0	0\r
806	0	0	0\r
808	0	0	0\r
810	0	0	0\r
812	0	0	0\r
814	0	0	0\r
816	0	0	0\r
818	0	0	0\r
820	0	0	0\r
822	0	0	0\r
824	0	0	0\r
826	0	0	0\r
828	0	0	0\r
830	0	0	0\r
832	0	0	0\r
834	0	0	0\r
836	0	0	0\r
838	0	0	0\r
840	0	0	0\r
842	0	0	0\r
844	0	0	0\r
846	0	0	0\r
848	0	0	0\r
850	0	0	0\r
852	0	0	0\r
854	0	0	0\r
856	0	0	0\r
858	0	0	0\r
860	0	0	0\r
862	0	0	0\r
864	0	0	0\r
866	0	0	0\r
868	0	0	0\r
870	0	0	0\r
872	0	0	0\r
874	0	0	0\r
876	0	0	0\r
878	0	0	0\r
880	0	0	0\r
882	0	0	0\r
884	0	0	0\r
886	0	0	0\r
888	0	0	0\r
890	0	0	0\r
892	0	0	0\r
894	0	0	0\r
896	0	0	0\r
898	0	0	0\r
900	0	0	0\r
902	0	0	0\r
904	0	0	0\r
906	0	0	0\r
908	0	0	0\r
910	0	0	0\r
912	0	0	0\r
914	0	0	0\r
916	0	0	0\r
918	0	0	0\r
920	0	0	0\r
922	0	0	0\r
924	0	0	0\r
926	0	0	0\r
928	0	0	0\r
930	0	0	0\r
932	0	0	0\r
934	0	0	0\r
936	0	0	0\r
938	0	0	0\r
940	0	0	0\r
942	0	0	0\r
944	0	0	0\r
946	0	0	0\r
948	0	0	0\r
950	0	0	0\r
952	0	0	0\r
954	0	0	0\r
956	0	0	0\r
958	0	0	0\r
960	0	0	0\r
962	0	0	0\r
964	0	0	0\r
966	0	0	0\r
968	0	0	0\r
970	0	0	0\r
972	0	0	0\r
974	0	0	0\r
976	0	0	0\r
978	0	0	0\r
980	0	0	0\r
982	0	0	0\r
984	0	0	0\r
986	0	0	0\r
988	0	0	0\r
990	0	0	0\r
992	0	0	0\r
994	0	0	0\r
996	0	0	0\r
998	0	0	0\r
1000	0	0	0\r
1002	0	0	0\r
1004	0	0	0\r
1006	0	0	0\r
1008	0	0	0\r
1010	0	0	0\r
1012	0	0	0\r
1014	0	0	0\r
1016	0	0	0\r
1018	0	0	0\r
1020	0	0	0\r
1022	0	0	0\r
1024	0	0	0\r
1026	0	0	0\r
1028	0	0	0\r
1030	0	0	0\r
1032	0	0	0\r
1034	0	0	0\r
1036	0	0	0\r
1038	0	0	0\r
1040	0	0	0\r
1042	0	0	0\r
1044	0	0	0\r
1046	0	0	0\r
1048	0	0	0\r
1050	0	0	0\r
1052	0	0	0\r
1054	0	0	0\r
1056	0	0	0\r
1058	0	0	0\r
1060	0	0	0\r
1062	0	0	0\r
1064	0	0	0\r
1066	0	0	0\r
1068	0	0	0\r
1070	0	0	0\r
1072	0	0	0\r
1074	0	0	0\r
1076	0	0	0\r
1078	0	0	0\r
1080	0	0	0\r
1082	0	0	0\r
1084	0	0	0\r
1086	0	0	0\r
1088	0	0	0\r
1090	0	0	0\r
1092	0	0	0\r
1094	0	0	0\r
1096	0	0	0\r
1098	0	0	0\r
1100	0	0	0\r
