Wvl_nm	Ref_228K	a0	a1
300	3.5389e-19	1.9439	2.08\r
302	2.7236e-19	1.779	1.9433\r
304	2.0887e-19	1.753	1.9327\r
306	1.5586e-19	1.5297	1.7588\r
308	1.1714e-19	1.4851	1.7422\r
310	8.5446e-20	1.128	1.4958\r
312	6.5288e-20	0.98783	1.4047\r
314	5.1341e-20	1.0991	1.5127\r
316	3.787e-20	1.1435	1.5846\r
318	2.9973e-20	1.2627	1.6791\r
320	2.5923e-20	1.5615	1.8568\r
322	1.9056e-20	1.6448	1.9266\r
324	8.0071e-21	0.041243	1.2169\r
326	7.415e-21	0.26162	1.323\r
328	1.0649e-20	1.8801	2.08\r
330	3.3209e-21	0.22873	1.3258\r
332	2.45e-21	-0.50812	1.1332\r
334	3.8313e-21	0.80283	1.4959\r
336	8.9002e-22	-0.99083	1.3479\r
338	1.3393e-21	-0.4302	0.94407\r
340	1.2834e-21	0.93933	1.7754\r
342	2.8706e-22	-2.4817	1.2018\r
344	1.1126e-21	1.8348	2.08\r
346	2.0352e-22	-2.3471	1.3469\r
348	1.7456e-22	0.3104	1.7224\r
350	8.2669e-23	-3.0754	1.5547\r
352	2.033e-22	1.2497	1.9394\r
354	3.5427e-23	-1.8593	1.8426\r
356	2.8979e-23	-0.63452	2.0568\r
358	1.9524e-23	-3.763	1.8884\r
360	4.6173e-23	1.0765	2.08\r
362	8.6807e-24	-1.9793	2.08\r
364	6.4067e-24	-1.5902	2.08\r
366	7.3361e-24	-3.261	2.08\r
368	4.8853e-24	-1.1697	2.08\r
370	4.1974e-24	-2.0232	2.08\r
372	2.4983e-24	-2.8162	2.08\r
374	3.7536e-24	-2.199	2.08\r
376	3.0183e-24	-1.3701	2.08\r
378	2.5502e-24	-1.2644	2.08\r
380	3.3701e-24	-0.69336	2.08\r
382	4.2338e-24	0.49563	2.08\r
384	4.1762e-24	0.25095	2.08\r
386	4.3626e-24	0.59361	2.08\r
388	5.3197e-24	0.75932	2.08\r
390	6.353e-24	1.117	2.08\r
392	6.69e-24	-2.2408	0.54\r
394	7.28e-24	-2.855	0.54\r
396	7.98e-24	-4.1537	0\r
398	6.1e-24	-6.1993	0\r
400	6.72e-24	-5.1185	0\r
402	7.61e-24	-5.9977	0\r
404	7.65e-24	-6.2351	0\r
406	8.4914e-24	-5.3171	0\r
408	1.5558e-23	-2.9245	0\r
410	1.906e-23	-2.583	0\r
412	1.8184e-23	-2.661	0\r
414	1.6968e-23	-2.9399	0\r
416	2.4589e-23	-1.9419	0\r
418	2.9077e-23	-1.6605	0\r
420	2.8461e-23	-1.6943	0\r
422	3.8191e-23	-1.1929	0\r
424	5.5955e-23	-0.74785	0\r
426	6.3975e-23	-0.71714	0\r
428	5.7065e-23	-0.86163	0\r
430	5.5908e-23	-0.8178	0\r
432	7.2672e-23	-0.51263	0\r
434	8.0114e-23	-0.52526	0\r
436	7.8957e-23	-0.52144	0\r
438	9.8306e-23	-0.26348	0\r
440	1.3438e-22	-0.23964	0\r
442	1.6859e-22	-0.17697	0\r
444	1.6854e-22	-0.22647	0\r
446	1.4372e-22	-0.35908	0\r
448	1.5096e-22	-0.26649	0\r
450	1.8607e-22	-0.17673	0\r
452	1.9294e-22	-0.20257	0\r
454	1.9098e-22	-0.18339	0\r
456	2.2787e-22	-0.12177	0\r
458	2.9655e-22	-0.13269	0\r
460	3.7897e-22	-0.01894	0\r
462	4.0957e-22	-0.079927	0\r
464	3.6558e-22	-0.19606	0\r
466	3.3185e-22	-0.21621	0\r
468	3.6854e-22	-0.14853	0\r
470	4.1724e-22	-0.089423	0\r
472	4.1934e-22	-0.12465	0\r
474	4.3215e-22	-0.10757	0\r
476	5.1441e-22	-0.025899	0\r
478	6.3481e-22	0.016305	0\r
480	7.8135e-22	0.026611	0\r
482	8.6986e-22	0.024733	0\r
484	8.4108e-22	-0.044109	0\r
486	7.6533e-22	-0.11942	0\r
488	7.5851e-22	-0.071967	0\r
490	8.1931e-22	-0.027249	0\r
492	8.6822e-22	-0.02922	0\r
494	8.8194e-22	-0.04282	0\r
496	9.2532e-22	-0.028686	0\r
498	1.0513e-21	0.031982	0\r
500	1.2323e-21	0.056673	0\r
502	1.4388e-21	0.062328	0\r
504	1.6142e-21	0.058215	0\r
506	1.6706e-21	0.017684	0\r
508	1.6232e-21	-0.025978	0\r
510	1.561e-21	-0.044623	0\r
512	1.5691e-21	-0.030123	0\r
514	1.6398e-21	-0.018856	0\r
516	1.7184e-21	-0.001862	0\r
518	1.7788e-21	0.00098234	0\r
520	1.8497e-21	0.0049771	0\r
522	1.9694e-21	0.026341	0\r
524	2.1066e-21	-0.013353	0\r
526	2.3004e-21	-0.015647	0\r
528	2.5125e-21	-0.0185	0\r
530	2.6794e-21	-0.029463	0\r
532	2.8129e-21	-0.037681	0\r
534	2.8604e-21	-0.044965	0\r
536	2.8527e-21	-0.056387	0\r
538	2.8626e-21	-0.053737	0\r
540	2.9342e-21	-0.045578	0\r
542	3.0507e-21	-0.035926	0\r
544	3.168e-21	-0.032363	0\r
546	3.252e-21	-0.039304	0\r
548	3.319e-21	-0.041016	0\r
550	3.3774e-21	-0.044191	0\r
552	3.4418e-21	-0.045905	0\r
554	3.5245e-21	-0.044369	0\r
556	3.6343e-21	-0.043625	0\r
558	3.7938e-21	-0.038514	0\r
560	3.9905e-21	-0.032703	0\r
562	4.1887e-21	-0.034092	0\r
564	4.3531e-21	-0.037313	0\r
566	4.477e-21	-0.039212	0\r
568	4.6005e-21	-0.03526	0\r
570	4.7111e-21	-0.0317	0\r
572	4.8207e-21	-0.02911	0\r
574	4.8615e-21	-0.031917	0\r
576	4.8321e-21	-0.036296	0\r
578	4.7548e-21	-0.040955	0\r
580	4.6638e-21	-0.042341	0\r
582	4.5688e-21	-0.045331	0\r
584	4.5049e-21	-0.046494	0\r
586	4.4699e-21	-0.044509	0\r
588	4.4636e-21	-0.039597	0\r
590	4.49e-21	-0.03722	0\r
592	4.5759e-21	-0.026995	0\r
594	4.7354e-21	-0.016246	0\r
596	4.9059e-21	-0.011026	0\r
598	5.0862e-21	-0.0042811	0\r
600	5.2306e-21	-0.01777	0\r
602	5.2823e-21	-0.023772	0\r
604	5.2475e-21	-0.027854	0\r
606	5.13731e-21	-0.029303	0\r
608	4.9699e-21	-0.033644	0\r
610	4.78374e-21	-0.03714	0\r
612	4.5963e-21	-0.038994	0\r
614	4.42056e-21	-0.041614	0\r
616	4.26388e-21	-0.040685	0\r
618	4.12585e-21	-0.041686	0\r
620	4.0133e-21	-0.040207	0\r
622	3.91776e-21	-0.039629	0\r
624	3.83017e-21	-0.038641	0\r
626	3.73463e-21	-0.041141	0\r
628	3.63242e-21	-0.047011	0\r
630	3.52459e-21	-0.047081	0\r
632	3.41795e-21	-0.052953	0\r
634	3.30565e-21	-0.058021	0\r
636	3.18432e-21	-0.075379	0\r
638	3.06066e-21	-0.077311	0\r
640	2.93439e-21	-0.081405	0\r
642	2.81597e-21	-0.085682	0\r
644	2.70534e-21	-0.083665	0\r
646	2.61191e-21	-0.084034	0\r
648	2.52178e-21	-0.08373	0\r
650	2.44075e-21	-0.078588	0\r
652	2.36247e-21	-0.082661	0\r
654	2.28164e-21	-0.080236	0\r
656	2.20133e-21	-0.083101	0\r
658	2.12293e-21	-0.087127	0\r
660	2.04729e-21	-0.084699	0\r
662	1.97735e-21	-0.094059	0\r
664	1.90186e-21	-0.089938	0\r
666	1.81807e-21	-0.09764	0\r
668	1.72678e-21	-0.10773	0\r
670	1.65507e-21	-0.11079	0\r
672	1.57702e-21	-0.11993	0\r
674	1.50403e-21	-0.13466	0\r
676	1.43751e-21	-0.13112	0\r
678	1.37509e-21	-0.15166	0\r
680	1.32095e-21	-0.1512	0\r
682	1.28156e-21	-0.15987	0\r
684	1.24492e-21	-0.16853	0\r
686	1.20191e-21	-0.16677	0\r
688	1.14757e-21	-0.17295	0\r
690	1.09167e-21	-0.19075	0\r
692	1.03851e-21	-0.19375	0\r
694	9.87592e-22	-0.21927	0\r
696	9.37785e-22	-0.22745	0\r
698	8.90509e-22	-0.2154	0\r
700	8.48272e-22	-0.22446	0\r
702	8.11569e-22	-0.21942	0\r
704	7.80945e-22	-0.21921	0\r
706	7.55533e-22	-0.22556	0\r
708	7.32005e-22	-0.19773	0\r
710	7.10601e-22	-0.19766	0\r
712	6.94168e-22	-0.17568	0\r
714	6.82085e-22	-0.17405	0\r
716	6.66873e-22	-0.15241	0\r
718	6.39053e-22	-0.14151	0\r
720	6.01398e-22	-0.17595	0\r
722	5.64961e-22	-0.19777	0\r
724	5.34973e-22	-0.20855	0\r
726	5.0932e-22	-0.20835	0\r
728	4.79518e-22	-0.21756	0\r
730	4.56635e-22	-0.22669	0\r
732	4.36986e-22	-0.21545	0\r
734	4.23549e-22	-0.20164	0\r
736	4.14979e-22	-0.21118	0\r
738	4.07909e-22	-0.20307	0\r
740	4.04302e-22	-0.18741	0\r
742	4.05947e-22	-0.15545	0\r
744	4.11503e-22	-0.13805	0\r
746	4.16481e-22	-0.11374	0\r
748	4.10484e-22	-0.1055	0\r
750	3.86015e-22	-0.12098	0\r
752	3.50067e-22	-0.18308	0\r
754	3.14704e-22	-0.23385	0\r
756	2.91506e-22	-0.25405	0\r
758	2.75825e-22	-0.25505	0\r
760	2.64989e-22	-0.26381	0\r
762	2.6184e-22	-0.25665	0\r
764	2.5289e-22	-0.22888	0\r
766	2.4751e-22	-0.23825	0\r
768	2.4834e-22	-0.22456	0\r
770	2.5266e-22	-0.18928	0\r
772	2.6258e-22	-0.16617	0\r
774	2.8323e-22	-0.1253	0\r
776	3.0898e-22	-0.080696	0\r
778	3.2956e-22	-0.042269	0\r
780	3.2968e-22	-0.045365	0\r
782	3.0674e-22	-0.064953	0\r
784	2.7392e-22	-0.11854	0\r
786	2.4138e-22	-0.18011	0\r
788	2.1896e-22	-0.20258	0\r
790	2.0201e-22	-0.18545	0\r
792	1.8607e-22	-0.22144	0\r
794	1.7098e-22	-0.24298	0\r
796	1.6139e-22	-0.24038	0\r
798	1.5509e-22	-0.23588	0\r
800	1.4965e-22	-0.25879	0\r
802	1.4688e-22	-0.25086	0\r
804	1.4637e-22	-0.25484	0\r
806	1.5283e-22	-0.20037	0\r
808	1.6806e-22	-0.13373	0\r
810	1.8568e-22	-0.091159	0\r
812	2.0567e-22	-0.056446	0\r
814	2.2376e-22	-0.024288	0\r
816	2.3337e-22	-0.0011568	0\r
818	2.2938e-22	-0.006376	0\r
820	2.1017e-22	-0.05268	0\r
822	1.8162e-22	-0.11105	0\r
824	1.5104e-22	-0.23572	0\r
826	1.2605e-22	-0.28515	0\r
828	1.0598e-22	-0.31962	0\r
830	9.1097e-23	-0.42694	0\r
832	8.15e-23	-0.42694	0\r
834	7.5892e-23	-0.39005	0\r
836	7.2641e-23	-0.41242	0\r
838	7.2026e-23	-0.38149	0\r
840	7.2871e-23	-0.35999	0\r
842	7.6657e-23	-0.27454	0\r
844	8.1558e-23	-0.26539	0\r
846	8.962e-23	-0.2191	0\r
848	1.0352e-22	-0.12488	0\r
850	1.2416e-22	-0.052424	0\r
852	1.503e-22	0.024391	0\r
854	1.5692e-22	0.032411	0\r
856	1.4511e-22	-0.044943	0\r
858	1.3065e-22	-0.10072	0\r
860	1.1523e-22	-0.11714	0\r
862	9.418e-23	-0.2597	0\r
864	7.5266e-23	-0.39616	0\r
866	6.235e-23	-0.45816	0\r
868	5.2552e-23	-0.51025	0\r
870	4.4569e-23	-0.57514	0\r
872	3.9604e-23	-0.63407	0\r
874	3.6539e-23	-0.63274	0\r
876	3.5749e-23	-0.5504	0\r
878	3.623e-23	-0.50565	0\r
880	3.7867e-23	-0.44612	0\r
882	4.1377e-23	-0.32799	0\r
884	4.4756e-23	-0.31651	0\r
886	5.04e-23	-0.18371	0\r
888	5.2369e-23	-0.25753	0\r
890	5.3413e-23	-0.24471	0\r
892	4.9411e-23	-0.30302	0\r
894	5.4773e-23	-0.24162	0\r
896	6.5806e-23	-0.18371	0\r
898	6.8598e-23	-0.25753	0\r
900	6.44e-23	-0.16854	0\r
902	5.6585e-23	-0.24576	0\r
904	4.8221e-23	-0.27883	0\r
906	3.8967e-23	-0.49102	0\r
908	3.0816e-23	-0.76704	0\r
910	2.5038e-23	-0.85829	0\r
912	2.0526e-23	-0.10346	0\r
914	1.7871e-23	-0.99367	0\r
916	1.6061e-23	-0.89852	0\r
918	1.4594e-23	-1.0768	0\r
920	1.4918e-23	-0.57673	0\r
922	1.3453e-23	-0.9569	0\r
924	1.3554e-23	-0.80015	0\r
926	1.4178e-23	-0.51981	0\r
928	1.5145e-23	-0.46725	0\r
930	1.5514e-23	-0.66997	0\r
932	1.5379e-23	-0.68195	0\r
934	1.3945e-23	-0.68195	0\r
936	1.6998e-23	-0.56422	0\r
938	2.3622e-23	-0.19633	0\r
940	3.1864e-23	-0.050515	0\r
942	4.1432e-23	0.04136	0\r
944	4.6913e-23	0.09342	0\r
946	4.2849e-23	0.03489	0\r
948	3.3375e-23	-0.043137	0\r
950	2.2522e-23	-0.4147	0\r
952	1.7944e-23	-0.49743	0\r
954	1.3e-23	-0.74405	0\r
956	1.2891e-23	-0.50523	0\r
958	1.0888e-23	-0.74651	0\r
960	8.965e-24	-0.6022	0\r
962	7.0731e-24	-1.0082	0\r
964	7.0829e-24	-0.71301	0\r
966	6.1242e-24	-0.8351	0\r
968	4.6446e-24	-0.82164	0\r
970	2.7059e-24	-2.3636	0\r
972	2.1206e-24	-2.943	0\r
974	1.7698e-24	-3.2206	0\r
976	1.1182e-24	-5.4586	0\r
978	1.5399e-24	-3.3996	0\r
980	1.7446e-24	-2.0702	0\r
982	1.9815e-24	-3.0226	0\r
984	2.6967e-24	-2.5148	0\r
986	5.0556e-24	-1.5565	0\r
988	1.053e-23	-0.073957	0\r
990	1.9734e-23	-0.062276	0\r
992	3.3886e-23	0.48641	0\r
994	2.6317e-23	0.27666	0\r
996	1.7515e-23	-0.22433	0\r
998	9.5448e-24	-0.7765	0\r
1000	5.2091e-24	-1.3723	0\r
1002	6.0643e-24	-1.3637	0\r
1004	5.1244e-24	-2.0452	0\r
1006	4.3455e-24	-0.73472	0\r
1008	3.3736e-24	-1.6625	0\r
1010	2.983e-24	-2.1145	0\r
1012	2.7568e-24	-3.9335	0\r
1014	2.3456e-24	-1.6502	0\r
1016	2.2404e-24	-1.7441	0\r
1018	1.9199e-24	-5.4397	0\r
1020	1.8286e-24	-2.9381	0\r
1022	1.5128e-24	-0.74924	0\r
1024	1.4448e-24	-2.2288	0\r
1026	1.3347e-24	-2.622	0\r
1028	1.4011e-24	-2.1554	0\r
1030	1.418e-24	-4.6831	0\r
1032	1.4472e-24	-2.6557	0\r
1034	1.5754e-24	-1.9569	0\r
1036	1.7684e-24	-3.0522	0\r
1038	1.9534e-24	-2.3262	0\r
1040	2.2796e-24	-2.8414	0\r
1042	2.7514e-24	-3.8378	0\r
1044	3.7797e-24	0	0\r
1046	6.9923e-24	0	0\r
1048	5.1345e-24	0	0\r
1050	4.9675e-24	0	0\r
1052	3.5664e-24	0	0\r
1054	2.7254e-24	0	0\r
1056	2.2596e-24	0	0\r
1058	1.9824e-24	0	0\r
1060	1.8526e-24	0	0\r
1062	1.8251e-24	0	0\r
1064	1.9844e-24	0	0\r
1066	2.2528e-24	0	0\r
1068	1.7973e-24	0	0\r
1070	1.6877e-24	0	0\r
1072	1.2572e-24	0	0\r
1074	1.0639e-24	0	0\r
1076	9.5542e-25	0	0\r
1078	8.7083e-25	0	0\r
1080	7.6325e-25	0	0\r
1082	6.9362e-25	0	0\r
1084	7.0208e-25	0	0\r
1086	7.8154e-25	0	0\r
1088	7.2221e-25	0	0\r
1090	4.7471e-25	0	0\r
1092	0	0	0\r
1094	0	0	0\r
1096	0	0	0\r
1098	0	0	0\r
1100	0	0	0\r
