Var1	Var2	Var3	Var4	Var5	Var6	Var7	Var8	Var9	Var10	Var11	Var12	Var13	Var14	Var15	Var16	Var17	Var18	Var19	Var20	Var21	Var22
300	0	0	0	0	0	0	0	0	0	0	0	0	0	0	0	0	0	0	0	0	0\r
302	0	0	0	0	0	0	0	0	0	0	0	0	0	0	0	0	0	0	0	0	0\r
304	0	0	0	0	0	0	0	0	0	0	0	0	0	0	0	0	0	0	0	0	0\r
306	0	0	0	0	0	0	0	0	0	0	0	0	0	0	0	0	0	0	0	0	0\r
308	0	0	0	0	0	0	0	0	0	0	0	0	0	0	0	0	0	0	0	0	0\r
310	0	0	0	0	0	0	0	0	0	0	0	0	0	0	0	0	0	0	0	0	0\r
312	0	0	0	0	0	0	0	0	0	0	0	0	0	0	0	0	0	0	0	0	0\r
314	0	0	0	0	0	0	0	0	0	0	0	0	0	0	0	0	0	0	0	0	0\r
316	0	0	0	0	0	0	0	0	0	0	0	0	0	0	0	0	0	0	0	0	0\r
318	0	0	0	0	0	0	0	0	0	0	0	0	0	0	0	0	0	0	0	0	0\r
320	0	0	0	0	0	0	0	0	0	0	0	0	0	0	0	0	0	0	0	0	0\r
322	0	0	0	0	0	0	0	0	0	0	0	0	0	0	0	0	0	0	0	0	0\r
324	0	0	0	0	0	0	0	0	0	0	0	0	0	0	0	0	0	0	0	0	0\r
326	0	0	0	0	0	0	0	0	0	0	0	0	0	0	0	0	0	0	0	0	0\r
328	0	0	0	0	0	0	0	0	0	0	0	0	0	0	0	0	0	0	0	0	0\r
330	0	0	0	0	0	0	0	0	0	0	0	0	0	0	0	0	0	0	0	0	0\r
332	0	0	0	0	0	0	0	0	0	0	0	0	0	0	0	0	0	0	0	0	0\r
334	0	0	0	0	0	0	0	0	0	0	0	0	0	0	0	0	0	0	0	0	0\r
336	0	0	0	0	0	0	0	0	0	0	0	0	0	0	0	0	0	0	0	0	0\r
338	0	0	0	0	0	0	0	0	0	0	0	0	0	0	0	0	0	0	0	0	0\r
340	0	0	0	0	0	0	0	0	0	0	0	0	0	0	0	0	0	0	0	0	0\r
342	0	0	0	0	0	0	0	0	0	0	0	0	0	0	0	0	0	0	0	0	0\r
344	0	0	0	0	0	0	0	0	0	0	0	0	0	0	0	0	0	0	0	0	0\r
346	0	0	0	0	0	0	0	0	0	0	0	0	0	0	0	0	0	0	0	0	0\r
348	0	0	0	0	0	0	0	0	0	0	0	0	0	0	0	0	0	0	0	0	0\r
350	0	0	0	0	0	0	0	0	0	0	0	0	0	0	0	0	0	0	0	0	0\r
352	0	0	0	0	0	0	0	0	0	0	0	0	0	0	0	0	0	0	0	0	0\r
354	0	0	0	0	0	0	0	0	0	0	0	0	0	0	0	0	0	0	0	0	0\r
356	0	0	0	0	0	0	0	0	0	0	0	0	0	0	0	0	0	0	0	0	0\r
358	0	0	0	0	0	0	0	0	0	0	0	0	0	0	0	0	0	0	0	0	0\r
360	0	0	0	0	0	0	0	0	0	0	0	0	0	0	0	0	0	0	0	0	0\r
362	0	0	0	0	0	0	0	0	0	0	0	0	0	0	0	0	0	0	0	0	0\r
364	0	0	0	0	0	0	0	0	0	0	0	0	0	0	0	0	0	0	0	0	0\r
366	0	0	0	0	0	0	0	0	0	0	0	0	0	0	0	0	0	0	0	0	0\r
368	0	0	0	0	0	0	0	0	0	0	0	0	0	0	0	0	0	0	0	0	0\r
370	0	0	0	0	0	0	0	0	0	0	0	0	0	0	0	0	0	0	0	0	0\r
372	0	0	0	0	0	0	0	0	0	0	0	0	0	0	0	0	0	0	0	0	0\r
374	0	0	0	0	0	0	0	0	0	0	0	0	0	0	0	0	0	0	0	0	0\r
376	0	0	0	0	0	0	0	0	0	0	0	0	0	0	0	0	0	0	0	0	0\r
378	0	0	0	0	0	0	0	0	0	0	0	0	0	0	0	0	0	0	0	0	0\r
380	0	0	0	0	0	0	0	0	0	0	0	0	0	0	0	0	0	0	0	0	0\r
382	0	0	0	0	0	0	0	0	0	0	0	0	0	0	0	0	0	0	0	0	0\r
384	0	0	0	0	0	0	0	0	0	0	0	0	0	0	0	0	0	0	0	0	0\r
386	0	0	0	0	0	0	0	0	0	0	0	0	0	0	0	0	0	0	0	0	0\r
388	0	0	0	0	0	0	0	0	0	0	0	0	0	0	0	0	0	0	0	0	0\r
390	0	0	0	0	0	0	0	0	0	0	0	0	0	0	0	0	0	0	0	0	0\r
392	0	0	0	0	0	0	0	0	0	0	0	0	0	0	0	0	0	0	0	0	0\r
394	0	0	0	0	0	0	0	0	0	0	0	0	0	0	0	0	0	0	0	0	0\r
396	0	0	0	0	0	0	0	0	0	0	0	0	0	0	0	0	0	0	0	0	0\r
398	0	0	0	0	0	0	0	0	0	0	0	0	0	0	0	0	0	0	0	0	0\r
400	0	0	0	0	0	0	0	0	0	0	0	0	0	0	0	0	0	0	0	0	0\r
402	0	0	0	0	0	0	0	0	0	0	0	0	0	0	0	0	0	0	0	0	0\r
404	0	0	0	0	0	0	0	0	0	0	0	0	0	0	0	0	0	0	0	0	0\r
406	0	0	0	0	0	0	0	0	0	0	0	0	0	0	0	0	0	0	0	0	0\r
408	0	0	0	0	0	0	0	0	0	0	0	0	0	0	0	0	0	0	0	0	0\r
410	0	0	0	0	0	0	0	0	0	0	0	0	0	0	0	0	0	0	0	0	0\r
412	0	0	0	0	0	0	0	0	0	0	0	0	0	0	0	0	0	0	0	0	0\r
414	0	0	0	0	0	0	0	0	0	0	0	0	0	0	0	0	0	0	0	0	0\r
416	0	0	0	0	0	0	0	0	0	0	0	0	0	0	0	0	0	0	0	0	0\r
418	0	0	0	0	0	0	0	0	0	0	0	0	0	0	0	0	0	0	0	0	0\r
420	0	0	0	0	0	0	0	0	0	0	0	0	0	0	0	0	0	0	0	0	0\r
422	0	0	0	0	0	0	0	0	0	0	0	0	0	0	0	0	0	0	0	0	0\r
424	0	0	0	0	0	0	0	0	0	0	0	0	0	0	0	0	0	0	0	0	0\r
426	0	0	0	0	0	0	0	0	0	0	0	0	0	0	0	0	0	0	0	0	0\r
428	0	0	0	0	0	0	0	0	0	0	0	0	0	0	0	0	0	0	0	0	0\r
430	0	0	0	0	0	0	0	0	0	0	0	0	0	0	0	0	0	0	0	0	0\r
432	0	0	0	0	0	0	0	0	0	0	0	0	0	0	0	0	0	0	0	0	0\r
434	0	0	0	0	0	0	0	0	0	0	0	0	0	0	0	0	0	0	0	0	0\r
436	0	0	0	0	0	0	0	0	0	0	0	0	0	0	0	0	0	0	0	0	0\r
438	0	0	0	0	0	0	0	0	0	0	0	0	0	0	0	0	0	0	0	0	0\r
440	0	0	0	0	0	0	0	0	0	0	0	0	0	0	0	0	0	0	0	0	0\r
442	0	0	0	0	0	0	0	0	0	0	0	0	0	0	0	0	0	0	0	0	0\r
444	0	0	0	0	0	0	0	0	0	0	0	0	0	0	0	0	0	0	0	0	0\r
446	0	0	0	0	0	0	0	0	0	0	0	0	0	0	0	0	0	0	0	0	0\r
448	0	0	0	0	0	0	0	0	0	0	0	0	0	0	0	0	0	0	0	0	0\r
450	0	0	0	0	0	0	0	0	0	0	0	0	0	0	0	0	0	0	0	0	0\r
452	0	0	0	0	0	0	0	0	0	0	0	0	0	0	0	0	0	0	0	0	0\r
454	0	0	0	0	0	0	0	0	0	0	0	0	0	0	0	0	0	0	0	0	0\r
456	0	0	NaN	0	0	0	0	NaN	0	0	0	0	NaN	0	0	0	0	NaN	0	0	NaN\r
458	0	0	NaN	0	0	0	0	NaN	0	0	0	0	NaN	0	0	0	0	NaN	0	0	NaN\r
460	0	0	NaN	0	0	0	0	NaN	0	0	0	0	NaN	0	0	0	0	NaN	0	0	NaN\r
462	0	0	NaN	0	0	0	0	NaN	0	0	0	0	NaN	0	0	0	0	NaN	0	0	NaN\r
464	0	0	NaN	0	0	0	0	NaN	0	0	0	0	NaN	0	0	0	0	NaN	0	0	NaN\r
466	0	0	NaN	0	0	0	0	NaN	0	0	0	0	NaN	0	0	0	0	NaN	0	0	NaN\r
468	4.74503e-05	1	NaN	1	0.0278	0.0014746	0.032959	NaN	0	0	0.99635	0.0527495	NaN	-1	0	0	0	NaN	0.329861	0	NaN\r
470	0.000329693	1	NaN	1	0.14203	0.0033782	0.13491	NaN	0	0	1.00131	0.0550361	NaN	-1	0	0	0	NaN	0.026262	0.35085	NaN\r
472	0.000168751	1	NaN	1	0.2416	0	0.24093	NaN	0	0	1.00782	0.063367	NaN	-1	0	0	0	NaN	-0.10681	0.809	NaN\r
474	4.74503e-05	1	NaN	1	-0.0037498	0	-0.018825	NaN	0	0	0.998718	0.0726322	NaN	-1	0	0	0	NaN	-0.46602	1.3127	NaN\r
476	0	0	NaN	0	0	0	0	NaN	0	0	0	0	NaN	0	0	0	0	NaN	0	0	NaN\r
478	0	0	NaN	0	0	0	0	NaN	0	0	0	0	NaN	0	0	0	0	NaN	0	0	NaN\r
480	0	0	NaN	0	0	0	0	NaN	0	0	0	0	NaN	0	0	0	0	NaN	0	0	NaN\r
482	0	0	NaN	0	0	0	0	NaN	0	0	0	0	NaN	0	0	0	0	NaN	0	0	NaN\r
484	0	0	NaN	0	0	0	0	NaN	0	0	0	0	NaN	0	0	0	0	NaN	0	0	NaN\r
486	0.000152926	1	NaN	1	0.035496	0.0033635	0.030827	NaN	0	0	1.01371	0.0580095	NaN	-1	0	0	0	NaN	-0.049401	0.10285	NaN\r
488	0.000105457	1	NaN	1	-0.087423	-0.0007342	-0.094949	NaN	0	0	0.992813	0.0624267	NaN	-1	0	0	0	NaN	0.084819	0	NaN\r
490	6.85421e-05	1	NaN	1	0.19832	-0.00033684	0.18316	NaN	0	0	1.0021	0.065034	NaN	-1	0	0	0	NaN	0.55163	-1.3314	NaN\r
492	1.58158e-05	1	NaN	1	0.2195	0	0.19467	NaN	1	0.70356	0	0.57799	NaN	-1	0	0	0	NaN	0.47668	0	NaN\r
494	0	0	NaN	0	0	0	0	NaN	0	0	0	0	NaN	0	0	0	0	NaN	0	0	NaN\r
496	0	0	NaN	0	0	0	0	NaN	0	0	0	0	NaN	0	0	0	0	NaN	0	0	NaN\r
498	0	0	NaN	0	0	0	0	NaN	0	0	0	0	NaN	0	0	0	0	NaN	0	0	NaN\r
500	8.96356e-05	1	NaN	1	0.21	0.0020009	0.19644	NaN	0	0	1.00362	0.065629	NaN	-1	0	0	0	NaN	-0.059818	0.080248	NaN\r
502	0.000710011	1	NaN	1	0.23077	0.0019822	0.21854	NaN	0	0	1.00509	0.0440419	NaN	-1	0	0	0	NaN	0.29251	-0.15822	NaN\r
504	0.00578844	2	NaN	1	0.28315	0.00080202	0.27583	NaN	1	0.72307	-0.0091715	0.67687	NaN	-1	0	0	0	NaN	0.18856	0	NaN\r
506	0.00229628	2	NaN	1	0.039533	0.00071965	0.037071	NaN	1	0.82125	-0.011133	0.76935	NaN	-1	0	0	0	NaN	0.123273	0	NaN\r
508	0.00209125	2	NaN	1	0.32351	0.0016202	0.31396	NaN	1	0.72852	-0.0073947	0.67786	NaN	-1	0	0	0	NaN	0.26168	0	NaN\r
510	0.00107764	1	NaN	1	0.19676	-0.00092752	0.1806	NaN	3	-0.0132	0	-0.053691	NaN	-1	0	0	0	NaN	0.466313	0	NaN\r
512	0.000189853	1	NaN	1	0.2057	0	0.18559	NaN	0	0	1.00939	0.055667	NaN	-1	0	0	0	NaN	0.76284	-0.47269	NaN\r
514	0	0	NaN	0	0	0	0	NaN	0	0	0	0	NaN	0	0	0	0	NaN	0	0	NaN\r
516	0	0	NaN	0	0	0	0	NaN	0	0	0	0	NaN	0	0	0	0	NaN	0	0	NaN\r
518	0	0	NaN	0	0	0	0	NaN	0	0	0	0	NaN	0	0	0	0	NaN	0	0	NaN\r
520	0	0	NaN	0	0	0	0	NaN	0	0	0	0	NaN	0	0	0	0	NaN	0	0	NaN\r
522	0	0	NaN	0	0	0	0	NaN	0	0	0	0	NaN	0	0	0	0	NaN	0	0	NaN\r
524	0.000216232	1	NaN	1	0.2283	0.0015337	0.21949	NaN	0	0	0.996984	0.0529396	NaN	-1	0	0	0	NaN	-0.058829	0.61468	NaN\r
526	2.1088e-05	1	NaN	1	0.20728	0.001456	0.19959	NaN	0	0	0.992817	0.0616385	NaN	-1	0	0	0	NaN	-0.28772	-0.15853	NaN\r
528	4.21777e-05	1	NaN	1	0.030778	-0.00076669	0.016418	NaN	0	0	0.984314	0.0582468	NaN	1	0.10519	0.00024505	0.079081	NaN	0.16538	0	NaN\r
530	9.75461e-05	1	NaN	1	0.19032	-0.00032594	0.18421	NaN	1	0.00038089	-0.00020804	-0.011547	NaN	-1	0	0	0	NaN	0.46614	-0.73578	NaN\r
532	2.63591e-06	1	NaN	1	0.035363	0	0.21715	NaN	1	0.77766	0.00050421	0.51762	NaN	1	0.96991	0	0.66577	NaN	-1	0	NaN\r
534	0	0	NaN	0	0	0	0	NaN	0	0	0	0	NaN	0	0	0	0	NaN	0	0	NaN\r
536	1.05438e-05	1	NaN	1	0.10718	0	0.068567	NaN	0	0	0.999297	0.0724839	NaN	-1	0	0	0	NaN	-0.16175	0	NaN\r
538	7.6452e-05	1	NaN	1	0.20153	0.00029672	0.19462	NaN	0	0	0.997033	0.0582442	NaN	1	0.080668	-0.00013848	0.054626	NaN	0.19343	0	NaN\r
540	0.000630733	1	NaN	1	0.069132	0	0.054716	NaN	0	0	1.00441	0.0481985	NaN	-1	0	0	0	NaN	0.236461	0	NaN\r
542	0.00200708	2	NaN	1	0.13945	0.0015568	0.13336	NaN	1	0.44403	-0.0025671	0.39006	NaN	-1	0	0	0	NaN	0.108903	0	NaN\r
544	0.00167789	2	NaN	1	0.052634	0.0018103	0.046593	NaN	1	0.43064	-0.0020495	0.37798	NaN	-1	0	0	0	NaN	0.127346	0	NaN\r
546	0.00221206	2	NaN	1	0.090202	-0.0003734	0.075225	NaN	1	0.46019	-0.0024667	0.40667	NaN	-1	0	0	0	NaN	0.205098	0	NaN\r
548	0.000657156	1	NaN	1	0.22336	0.00049894	0.21105	NaN	1	0.80513	0	0.73796	NaN	-1	0	0	0	NaN	0.20677	0.72941	NaN\r
550	0.000385122	1	NaN	1	0.11608	0.0010281	0.10391	NaN	0	0	1.00262	0.0519678	NaN	-1	0	0	0	NaN	0.34404	-0.80198	NaN\r
552	8.43621e-05	1	NaN	1	0.20104	0.00020916	0.18907	NaN	0	0	1.0016	0.0577547	NaN	-1	0	0	0	NaN	0.34789	0	NaN\r
554	2.63591e-06	1	NaN	2	-0.38737	0.7844	0.48645	NaN	1	2.6711	0	1.8452	NaN	1	0.99291	-0.0098953	0.61642	NaN	-1	0	NaN\r
556	0	0	NaN	0	0	0	0	NaN	0	0	0	0	NaN	0	0	0	0	NaN	0	0	NaN\r
558	0	0	NaN	0	0	0	0	NaN	0	0	0	0	NaN	0	0	0	0	NaN	0	0	NaN\r
560	0	0	NaN	0	0	0	0	NaN	0	0	0	0	NaN	0	0	0	0	NaN	0	0	NaN\r
562	0	0	NaN	0	0	0	0	NaN	0	0	0	0	NaN	0	0	0	0	NaN	0	0	NaN\r
564	3.95414e-05	1	NaN	1	0.13069	0.003226	0.14122	NaN	0	0	0.96978	0.0830479	NaN	-1	0	0	0	NaN	-0.074536	0	NaN\r
566	9.75461e-05	1	NaN	1	0.12591	0.0048522	0.11549	NaN	0	0	1.01598	0.0861995	NaN	0	0	1.0024	0.10085	NaN	0.078814	0	NaN\r
568	0.00158627	2	NaN	1	0.29764	-0.00022699	0.27259	NaN	1	0.69689	0	0.63931	NaN	-1	0	0	0	NaN	0.515782	0	NaN\r
570	0.00367135	2	NaN	1	0.33468	0.00057979	0.33277	NaN	1	0.88886	-0.011291	0.84614	NaN	-1	0	0	0	NaN	0.15808	-0.054242	NaN\r
572	0.00301786	2	NaN	1	0.33499	0.00068437	0.33277	NaN	1	0.82507	-0.0097086	0.77224	NaN	-1	0	0	0	NaN	0.166163	0	NaN\r
574	0.00220431	2	NaN	1	0.3124	0.00081542	0.30122	NaN	1	0.69418	-0.006313	0.64547	NaN	-1	0	0	0	NaN	0.324638	0	NaN\r
576	0.00184592	2	NaN	1	0.32454	0.0031698	0.30773	NaN	1	0.59601	-0.0019171	0.5316	NaN	-1	0	0	0	NaN	0.310741	0	NaN\r
578	0.000789313	1	NaN	1	0.23581	0.0017775	0.21549	NaN	0	0	1.00462	0.0471578	NaN	-1	0	0	0	NaN	0.450287	0	NaN\r
580	0.00033761	1	NaN	1	0.26942	0.006261	0.24099	NaN	0	0	1.02814	0.0618588	NaN	-1	0	0	0	NaN	0.4014	0	NaN\r
582	0.00030858	1	NaN	1	0.22147	0.0042949	0.19964	NaN	0	0	1.02833	0.0620722	NaN	-1	0	0	0	NaN	0.28294	0	NaN\r
584	0.000583177	1	NaN	1	0.18333	-0.002118	0.16395	NaN	0	0	0.994326	0.0365397	NaN	-1	0	0	0	NaN	0.551101	0	NaN\r
586	0.00138171	2	NaN	1	0.29074	0.00095074	0.26885	NaN	1	0.5539	-0.0030892	0.49381	NaN	-1	0	0	0	NaN	0.431251	0	NaN\r
588	0.00991627	2	NaN	1	0.22219	-0.003538	0.19787	NaN	1	0.95057	-0.014882	0.89698	NaN	-1	0	0	0	NaN	0.462915	0	NaN\r
590	0.0236185	3	NaN	1	0.52189	-0.0072019	0.53031	NaN	2	0.0035097	0.018575	0.023844	NaN	1	-0.014462	0.00015592	0.0018002	NaN	0.089488	0	NaN\r
592	0.0207884	3	NaN	1	0.6085	-0.0097635	0.61831	NaN	2	0.0021326	0.017493	0.023281	NaN	1	-0.011505	0.00015794	0.0081465	NaN	0.037697	0.16907	NaN\r
594	0.0168425	2	NaN	1	0.31659	-0.0078306	0.33833	NaN	1	0.024097	0	0.090547	NaN	1	-0.0015185	0.00065906	0.062296	NaN	-0.2332	0.69265	NaN\r
596	0.0101195	2	NaN	1	0.2926	-0.0038712	0.2924	NaN	1	-0.011336	0	0.013499	NaN	-1	0	0	0	NaN	0.309282	0	NaN\r
598	0.00857078	2	NaN	1	0.28992	-0.0029678	0.27864	NaN	3	-0.024823	0.00030131	-0.022394	NaN	-1	0	0	0	NaN	0.424216	0	NaN\r
600	0.0038146	2	NaN	1	0.25579	-0.0043264	0.2201	NaN	1	0.72319	-0.0083013	0.66727	NaN	-1	0	0	0	NaN	0.615143	0	NaN\r
602	0.00120736	1	NaN	1	0.21363	0	0.17858	NaN	3	-0.020643	0	-0.047515	NaN	1	1.0738	-0.017387	1.0098	NaN	0.829094	0	NaN\r
604	0.000221508	1	NaN	1	0.22416	0	0.18251	NaN	1	2.2603	0.0071189	1.9482	NaN	-1	0	0	0	NaN	0.83981	0	NaN\r
606	0	0	NaN	0	0	0	0	NaN	0	0	0	0	NaN	0	0	0	0	NaN	0	0	NaN\r
608	0	0	NaN	0	0	0	0	NaN	0	0	0	0	NaN	0	0	0	0	NaN	0	0	NaN\r
610	0	0	NaN	0	0	0	0	NaN	0	0	0	0	NaN	0	0	0	0	NaN	0	0	NaN\r
612	0	0	NaN	0	0	0	0	NaN	0	0	0	0	NaN	0	0	0	0	NaN	0	0	NaN\r
614	0	0	NaN	0	0	0	0	NaN	0	0	0	0	NaN	0	0	0	0	NaN	0	0	NaN\r
616	0	0	NaN	0	0	0	0	NaN	0	0	0	0	NaN	0	0	0	0	NaN	0	0	NaN\r
618	0	0	NaN	0	0	0	0	NaN	0	0	0	0	NaN	0	0	0	0	NaN	0	0	NaN\r
620	0	0	NaN	0	0	0	0	NaN	0	0	0	0	NaN	0	0	0	0	NaN	0	0	NaN\r
622	0	0	NaN	0	0	0	0	NaN	0	0	0	0	NaN	0	0	0	0	NaN	0	0	NaN\r
624	0	0	NaN	0	0	0	0	NaN	0	0	0	0	NaN	0	0	0	0	NaN	0	0	NaN\r
626	0.000532989	1	NaN	1	0.13971	0	0.11429	NaN	3	-0.0126	0	-0.051341	NaN	-1	0	0	0	NaN	0.48498	0	NaN\r
628	0.00408008	2	NaN	1	0.2684	-0.0015966	0.25889	NaN	1	1.6408	-0.028895	1.5844	NaN	-1	0	0	0	NaN	0.28085	0	NaN\r
630	0.00161193	2	NaN	1	0.066436	0.00052081	0.072299	NaN	3	-0.024887	0.00021726	-0.033577	NaN	-1	0	0	0	NaN	0.027057	0.23407	NaN\r
632	0.00327876	2	NaN	1	0.3341	0.00064646	0.3297	NaN	1	1.2388	-0.019185	1.1818	NaN	-1	0	0	0	NaN	0.23561	0	NaN\r
634	0.00141096	2	NaN	1	0.087213	-0.0007307	0.07679	NaN	1	0.45095	-0.0043998	0.41002	NaN	-1	0	0	0	NaN	0.223648	0	NaN\r
636	0.00138539	2	NaN	1	0.29893	0.00064151	0.28071	NaN	1	0.34932	-0.0027819	0.31008	NaN	-1	0	0	0	NaN	0.381552	0	NaN\r
638	0.000739085	1	NaN	1	0.19533	-0.0009327	0.17443	NaN	0	0	1.00199	0.0370384	NaN	-1	0	0	0	NaN	0.515303	0	NaN\r
640	0.000786669	1	NaN	1	0.2227	0	0.20594	NaN	0	0	0.995336	0.0412631	NaN	-1	0	0	0	NaN	0.487827	0	NaN\r
642	0.000720583	1	NaN	1	0.21234	0	0.19754	NaN	0	0	1.00303	0.0385696	NaN	-1	0	0	0	NaN	0.405617	0	NaN\r
644	0.00118089	1	NaN	1	0.1995	0	0.18428	NaN	3	-0.0111	0	-0.048639	NaN	-1	0	0	0	NaN	0.467862	0	NaN\r
646	0.00672188	2	NaN	1	0.18043	-0.0055327	0.15174	NaN	1	0.96905	-0.014125	0.924	NaN	-1	0	0	0	NaN	0.510278	0	NaN\r
648	0.0180126	2	NaN	1	0.30489	-0.0074476	0.32316	NaN	1	0.028737	0	0.090187	NaN	-1	0	0	0	NaN	-0.14929	0.62885	NaN\r
650	0.00813004	2	NaN	1	0.30599	-0.0088568	0.33237	NaN	1	0.033309	0	0.086408	NaN	-1	0	0	0	NaN	-0.21138	0.3542	NaN\r
652	0.0198764	2	NaN	1	0.28349	-0.0073239	0.30095	NaN	1	0.025519	0	0.090325	NaN	-1	0	0	0	NaN	-0.17434	0.67568	NaN\r
654	0.00593661	2	NaN	1	0.32829	0	0.32612	NaN	1	1.766	-0.029187	1.719	NaN	-1	0	0	0	NaN	0.247475	0	NaN\r
656	0.00822853	2	NaN	1	0.30471	-0.0021443	0.30034	NaN	3	-0.023553	0.00031936	-0.019455	NaN	-1	0	0	0	NaN	0.329877	0	NaN\r
658	0.00593432	2	NaN	1	0.28267	-0.007949	0.28961	NaN	1	0.046857	0	0.10696	NaN	-1	0	0	0	NaN	0.00301	0.74763	NaN\r
660	0.00342913	2	NaN	1	0.26002	-0.0046111	0.22604	NaN	1	0.80849	-0.010325	0.76006	NaN	-1	0	0	0	NaN	0.597802	0	NaN\r
662	0.000604312	1	NaN	1	0.21039	0	0.17603	NaN	0	0	1.00022	0.0447989	NaN	-1	0	0	0	NaN	0.721492	0	NaN\r
664	0.000617522	1	NaN	1	0.23191	0	0.21686	NaN	3	-0.014068	0	-0.070839	NaN	-1	0	0	0	NaN	0.477124	0	NaN\r
666	0.000319136	1	NaN	1	0.21816	0	0.19991	NaN	0	0	1.01485	0.0553146	NaN	-1	0	0	0	NaN	0.40948	0	NaN\r
668	2.63591e-06	1	NaN	6	1	-0.14114	0	NaN	1	0.77144	0	0.19145	NaN	1	0.38475	0	0.040999	NaN	-1	0	NaN\r
670	1.05438e-05	1	NaN	1	0.20109	0.00019887	0.15215	NaN	1	0.71201	0.0022393	0.53496	NaN	-1	0	0	0	NaN	-0.16175	0	NaN\r
672	0	0	NaN	0	0	0	0	NaN	0	0	0	0	NaN	0	0	0	0	NaN	0	0	NaN\r
674	0	0	NaN	0	0	0	0	NaN	0	0	0	0	NaN	0	0	0	0	NaN	0	0	NaN\r
676	0	0	NaN	0	0	0	0	NaN	0	0	0	0	NaN	0	0	0	0	NaN	0	0	NaN\r
678	0	0	NaN	0	0	0	0	NaN	0	0	0	0	NaN	0	0	0	0	NaN	0	0	NaN\r
680	4.21777e-05	1	NaN	1	0.19757	-0.0004877	0.17599	NaN	5	0.9337	0	0.78001	NaN	-1	0	0	0	NaN	0.16538	0	NaN\r
682	0.000282192	1	NaN	1	0.07951	0	0.056336	NaN	1	1.1367	0	0.97516	NaN	-1	0	0	0	NaN	0.25369	0	NaN\r
684	0.000636017	1	NaN	1	0.19467	0.0047506	0.17777	NaN	0	0	1.0191	0.0475595	NaN	-1	0	0	0	NaN	0.27591	-0.35771	NaN\r
686	0.000680939	1	NaN	1	0.24119	0.0010159	0.23227	NaN	0	0	0.999662	0.040771	NaN	-1	0	0	0	NaN	0.6103	-0.79036	NaN\r
688	0.000466966	1	NaN	1	0.20618	0	0.18489	NaN	2	0.010947	0	0.0013318	NaN	-1	0	0	0	NaN	0.524881	0	NaN\r
690	0.000992964	1	NaN	1	0.22931	0.0017318	0.21516	NaN	0	0	1.01217	0.0362866	NaN	-1	0	0	0	NaN	0.48899	-0.27604	NaN\r
692	0.00766883	2	NaN	1	0.27886	-0.0032778	0.25269	NaN	1	1.0309	-0.011912	0.98642	NaN	-1	0	0	0	NaN	0.579445	0	NaN\r
694	0.0436472	3	NaN	1	0.51217	-0.025244	0.54381	NaN	1	-0.019491	0.0014732	0.054139	NaN	1	0.025425	0	0.10225	NaN	-0.07063	0.45513	NaN\r
696	0.0379002	3	NaN	1	0.15509	-0.0050356	0.27446	NaN	1	0.046334	0.00046586	0.17698	NaN	1	0.085141	-0.00048346	0.23528	NaN	0.147087	0	NaN\r
698	0.00962099	2	NaN	1	0.32793	-0.00448	0.33989	NaN	1	0.021351	0	0.056932	NaN	-1	0	0	0	NaN	-0.029385	0.36281	NaN\r
700	0.0263551	3	NaN	1	0.63268	-0.02249	0.66416	NaN	1	0.0094234	0.00032864	0.062316	NaN	1	0.025188	0	0.080662	NaN	-0.028495	0.36812	NaN\r
702	0.0243184	3	NaN	1	0.29925	-0.0073684	0.30964	NaN	2	-0.02087	0.0072453	0.0089236	NaN	1	0.004024	0.00011603	0.031056	NaN	0.111297	0	NaN\r
704	0.0160642	2	NaN	1	0.29534	-0.011208	0.3239	NaN	1	0.041305	0	0.14704	NaN	1	-0.056118	0.002505	0.025359	NaN	-0.32507	0.96101	NaN\r
706	0.013171	2	NaN	1	0.29306	-0.0032277	0.28956	NaN	3	-0.021922	0.00024755	-0.010656	NaN	-1	0	0	0	NaN	0.328209	0	NaN\r
708	0.0123951	2	NaN	1	0.27565	-0.0026682	0.25724	NaN	1	1.1702	-0.01873	1.1254	NaN	-1	0	0	0	NaN	0.448103	0	NaN\r
710	0.0100933	2	NaN	1	0.22943	-0.004072	0.1976	NaN	1	0.61611	-0.0063266	0.56849	NaN	-1	0	0	0	NaN	0.537681	0	NaN\r
712	0.00664351	2	NaN	1	0.2013	-0.0054079	0.17317	NaN	1	1.0501	-0.014628	1.0117	NaN	-1	0	0	0	NaN	0.527981	0	NaN\r
714	0.00847056	2	NaN	1	0.22275	-0.0033514	0.20752	NaN	3	-0.023357	0.00023737	-0.026512	NaN	-1	0	0	0	NaN	0.382033	0	NaN\r
716	0.0169573	2	NaN	1	0.27185	-0.0070312	0.26108	NaN	1	0.01778	0	0.050775	NaN	-1	0	0	0	NaN	0.518965	0	NaN\r
718	0.123789	3	NaN	1	-0.06536	0.0049978	0.036951	NaN	1	0.11889	-0.0013824	0.30609	NaN	-1	0	0	0	NaN	-0.076453	0.55019	NaN\r
720	0.145161	3	NaN	1	0.21772	-0.0065962	0.38472	NaN	1	0.16856	-0.0022426	0.37623	NaN	-1	0	0	0	NaN	0.196813	0	NaN\r
722	0.0263103	3	NaN	1	0.58716	-0.012929	0.59152	NaN	1	0.04643	0	0.081508	NaN	1	0.033432	0	0.062976	NaN	0.12226	0	NaN\r
724	0.117242	3	NaN	1	0.2202	-0.0067449	0.4291	NaN	1	0.19882	-0.0031897	0.46631	NaN	-1	0	0	0	NaN	0.2375	0	NaN\r
726	0.0909522	3	NaN	2	-0.037012	0.030561	0.042064	NaN	1	0.040036	0.00031663	0.13817	NaN	1	0.050017	-0.000174	0.14514	NaN	-0.096975	0.56337	NaN\r
728	0.111215	3	NaN	1	0.15085	-0.0048204	0.26415	NaN	1	0.11197	-0.0016295	0.26102	NaN	1	0.08586	-0.00063837	0.23132	NaN	0.153262	0	NaN\r
730	0.0659833	3	NaN	1	0.57577	-0.021577	0.57617	NaN	1	0.016198	0	0.069002	NaN	1	0.0049009	0.00018788	0.05233	NaN	0	0	NaN\r
732	0.0558408	3	NaN	1	0.6008	-0.032757	0.6302	NaN	1	0.025072	0.00069917	0.1229	NaN	1	0.038775	0	0.13164	NaN	0	0	NaN\r
734	0.0228523	3	NaN	1	0.55108	-0.020545	0.51851	NaN	1	0.0037719	0	0.044084	NaN	1	-0.0036428	0.00019295	0.031677	NaN	-0.057353	-0.073839	NaN\r
736	0.0237227	3	NaN	1	0.54521	-0.0088291	0.51538	NaN	1	2.5176	-0.041722	2.4653	NaN	2	0.00099504	0.0037061	0.005862	NaN	-0.088648	0.19672	NaN\r
738	0.013131	2	NaN	1	0.1926	-0.0074504	0.16164	NaN	3	-0.026511	0.00031348	-0.029351	NaN	-1	0	0	0	NaN	0.560205	0	NaN\r
740	0.00961799	2	NaN	1	0.26927	-0.0073597	0.25327	NaN	1	0.0017567	0	0.032233	NaN	-1	0	0	0	NaN	0.542834	0	NaN\r
742	0.00427426	2	NaN	1	0.28403	-0.0065032	0.24094	NaN	1	1.1232	-0.015891	1.0758	NaN	-1	0	0	0	NaN	0.812098	0	NaN\r
744	0.00190439	2	NaN	1	0.28312	-0.0057748	0.2266	NaN	1	0.45802	-0.0015413	0.40489	NaN	-1	0	0	0	NaN	0.881069	0	NaN\r
746	0.000754946	1	NaN	1	0.18862	0	0.14692	NaN	1	0.80821	0	0.74016	NaN	-1	0	0	0	NaN	0.77156	0	NaN\r
748	0.000258444	1	NaN	1	0.22584	0	0.21151	NaN	0	0	1.025	0.0649936	NaN	-1	0	0	0	NaN	0.56366	-0.15854	NaN\r
750	0.000150289	1	NaN	1	0.22985	0.00194	0.21854	NaN	0	0	1.0122	0.0810962	NaN	-1	0	0	0	NaN	0.25943	0	NaN\r
752	0.000100183	1	NaN	1	0.24159	0	0.24122	NaN	0	0	0.988605	0.0891802	NaN	1	0.14338	0.00018064	0.098105	NaN	-0.097441	0	NaN\r
754	0.000108094	1	NaN	1	0.22631	0	0.22058	NaN	0	0	0.981106	0.0629736	NaN	-1	0	0	0	NaN	0.28683	0	NaN\r
756	0	0	NaN	0	0	0	0	NaN	0	0	0	0	NaN	0	0	0	0	NaN	0	0	NaN\r
758	0	0	NaN	0	0	0	0	NaN	0	0	0	0	NaN	0	0	0	0	NaN	0	0	NaN\r
760	0	0	NaN	0	0	0	0	NaN	0	0	0	0	NaN	0	0	0	0	NaN	0	0	NaN\r
762	0	0	NaN	0	0	0	0	NaN	0	0	0	0	NaN	0	0	0	0	NaN	0	0	NaN\r
764	0	0	NaN	0	0	0	0	NaN	0	0	0	0	NaN	0	0	0	0	NaN	0	0	NaN\r
766	0	0	NaN	0	0	0	0	NaN	0	0	0	0	NaN	0	0	0	0	NaN	0	0	NaN\r
768	0	0	NaN	0	0	0	0	NaN	0	0	0	0	NaN	0	0	0	0	NaN	0	0	NaN\r
770	0	0	NaN	0	0	0	0	NaN	0	0	0	0	NaN	0	0	0	0	NaN	0	0	NaN\r
772	0	0	NaN	0	0	0	0	NaN	0	0	0	0	NaN	0	0	0	0	NaN	0	0	NaN\r
774	1.58158e-05	1	NaN	1	0.2043	0.00086038	0.18635	NaN	5	0.39604	0	0.51482	NaN	-1	0	0	0	NaN	0.47668	0	NaN\r
776	1.05438e-05	1	NaN	1	0.18756	0.0063351	0.1648	NaN	2	0.040716	0	0.00084007	NaN	-1	0	0	0	NaN	-1.1469	0	NaN\r
778	7.38153e-05	1	NaN	1	0.19689	-0.00062449	0.17208	NaN	1	0.15152	0.00018762	0.1113	NaN	-1	0	0	0	NaN	0.30386	0	NaN\r
780	5.00867e-05	1	NaN	1	0.17484	0	0.15867	NaN	0	0	1.00049	0.103921	NaN	-1	0	0	0	NaN	0.67954	0	NaN\r
782	9.22724e-05	1	NaN	1	0.20166	0	0.19139	NaN	1	0.531	0	0.41659	NaN	-1	0	0	0	NaN	0.066235	0	NaN\r
784	8.69988e-05	1	NaN	1	0.18352	-0.0032925	0.11946	NaN	2	-0.1856	0.75895	0.71314	NaN	0	0	0.83372	0.13686	NaN	1.0822	0	NaN\r
786	0.00159352	2	NaN	1	0.22367	-0.008832	0.16804	NaN	1	0.47849	-0.0044785	0.42725	NaN	-1	0	0	0	NaN	0.793739	0	NaN\r
788	0.010308	2	NaN	1	0.26268	-0.0071863	0.25129	NaN	3	-0.035729	0.00050999	-0.0060262	NaN	1	0.87182	-0.031233	0.83182	NaN	0.483346	0	NaN\r
790	0.0241843	3	NaN	1	0.60962	-0.023871	0.63125	NaN	1	0.0022537	0	0.05329	NaN	1	0.0048555	0.00015071	0.058754	NaN	0	0	NaN\r
792	0.0131374	2	NaN	1	-0.020007	0.0024024	0.022908	NaN	1	0.046619	0	0.14289	NaN	-1	0	0	0	NaN	-0.40643	0.62049	NaN\r
794	0.0026429	2	NaN	1	0.32192	-0.0013161	0.32399	NaN	1	0.52877	-0.0071712	0.51332	NaN	-1	0	0	0	NaN	0.21536	0.085758	NaN\r
796	0.0196021	2	NaN	1	0.30404	-0.0095971	0.3327	NaN	1	0.028319	0	0.10732	NaN	1	0.16382	-0.0038101	0.26041	NaN	-0.2916	0.57123	NaN\r
798	0.00702881	2	NaN	1	0.21308	-0.0033791	0.19675	NaN	1	1.5603	-0.027026	1.5115	NaN	-1	0	0	0	NaN	0.419646	0	NaN\r
800	0.0137197	2	NaN	1	0.3145	-0.0062234	0.33174	NaN	1	0.033496	0	0.085649	NaN	-1	0	0	0	NaN	-0.14223	0.43022	NaN\r
802	0.0152753	2	NaN	1	0.30377	-0.0050449	0.31375	NaN	1	0.0014679	0	0.042247	NaN	1	0.96665	-0.028896	0.98885	NaN	-0.070617	0.54413	NaN\r
804	0.0153603	2	NaN	1	0.2492	-0.004435	0.25309	NaN	3	-0.03368	0.00050131	-0.0038561	NaN	1	0.96403	-0.027586	0.97903	NaN	0.023568	0.43017	NaN\r
806	0.00600065	2	NaN	1	0.24926	-0.0056163	0.22135	NaN	1	1.0116	-0.015588	0.97853	NaN	-1	0	0	0	NaN	0.572803	0	NaN\r
808	0.00632618	2	NaN	1	0.24577	-0.0021645	0.22092	NaN	1	0.59798	-0.0067316	0.54949	NaN	-1	0	0	0	NaN	0.464201	0	NaN\r
810	0.0162185	2	NaN	1	0.24813	-0.0065931	0.23573	NaN	1	-0.00019274	0	0.028263	NaN	-1	0	0	0	NaN	0.431177	0	NaN\r
812	0.0314835	3	NaN	1	0.51658	-0.019026	0.44566	NaN	2	-0.013156	0.010861	0.015373	NaN	1	-0.020803	0.00021573	-0.0001879	NaN	-0.152238	0	NaN\r
814	0.101174	3	NaN	1	0.57219	-0.042754	0.61595	NaN	1	0.080793	-0.00087552	0.24617	NaN	1	0.062135	-0.00042153	0.21072	NaN	-0.070269	0	NaN\r
816	0.146713	3	NaN	1	0.12007	-0.0036535	0.33346	NaN	1	0.14933	-0.0025981	0.45753	NaN	-1	0	0	0	NaN	0.163242	0	NaN\r
818	0.141496	3	NaN	1	0.21967	-0.0078392	0.43723	NaN	1	0.18057	-0.0034131	0.45425	NaN	-1	0	0	0	NaN	0.240017	0	NaN\r
820	0.110367	3	NaN	1	0.23763	-0.0083098	0.47484	NaN	1	0.18813	-0.0037872	0.46611	NaN	-1	0	0	0	NaN	0.280221	0	NaN\r
822	0.0459466	3	NaN	1	0.14795	-0.00355	0.28995	NaN	1	0.15317	-0.00092584	0.34988	NaN	-1	0	0	0	NaN	0.18896	0	NaN\r
824	0.0620552	3	NaN	1	0.17286	-0.0064951	0.25886	NaN	1	0.15107	-0.0017662	0.30263	NaN	-1	0	0	0	NaN	0.15454	0	NaN\r
826	0.0681415	3	NaN	1	0.19154	-0.0058787	0.39978	NaN	1	0.16685	-0.0022962	0.42526	NaN	1	0.16512	-0.0015082	0.44014	NaN	0.240084	0	NaN\r
828	0.119933	3	NaN	1	0.20151	-0.0059688	0.41974	NaN	1	0.1948	-0.0026829	0.47451	NaN	-1	0	0	0	NaN	0.2382	0	NaN\r
830	0.0688227	3	NaN	1	0.0465	0	0.20415	NaN	1	0.11671	-0.0015965	0.35944	NaN	-1	0	0	0	NaN	0.116233	0	NaN\r
832	0.082277	3	NaN	1	0.069298	-0.00055207	0.23538	NaN	1	0.1747	-0.002747	0.45086	NaN	-1	0	0	0	NaN	0.110842	0	NaN\r
834	0.0505135	3	NaN	1	0.57106	-0.03613	0.58283	NaN	1	0.030921	0.00019319	0.14433	NaN	1	0.012714	0.0002353	0.10615	NaN	-0.011132	-0.22286	NaN\r
836	0.036088	3	NaN	1	0.54003	-0.030012	0.49261	NaN	1	0.014306	0	0.081399	NaN	1	0.0071792	0	0.060739	NaN	-0.165861	0	NaN\r
838	0.0202604	2	NaN	1	0.2545	-0.012113	0.23753	NaN	1	0.0039515	0	0.062354	NaN	2	0.069275	0.12009	0.20015	NaN	0.628072	0	NaN\r
840	0.00989432	2	NaN	1	0.23075	-0.0094141	0.19936	NaN	3	-0.031741	0.00048247	-0.016583	NaN	1	0.87096	-0.028525	0.79402	NaN	0.650957	0	NaN\r
842	0.00881748	2	NaN	1	0.13775	-0.0056649	0.1214	NaN	3	-0.032611	0.00050678	-0.021081	NaN	1	0.8675	-0.02235	0.84907	NaN	0.372695	0	NaN\r
844	0.00724946	2	NaN	1	0.30795	-0.0025597	0.30611	NaN	3	-0.028299	0.00039248	-0.015236	NaN	-1	0	0	0	NaN	0.265353	0	NaN\r
846	0.00237273	2	NaN	1	0.30919	-0.0038825	0.3153	NaN	3	-0.025482	0.00031915	-0.018053	NaN	-1	0	0	0	NaN	0.02243	0.44423	NaN\r
848	0.00290415	2	NaN	1	0.30801	0.00043556	0.29771	NaN	1	0.73404	-0.0087385	0.68943	NaN	-1	0	0	0	NaN	0.29232	0	NaN\r
850	0.00251543	2	NaN	1	0.30942	0.00087135	0.2946	NaN	1	0.51964	-0.0046234	0.4739	NaN	-1	0	0	0	NaN	0.443194	0	NaN\r
852	0.00394687	2	NaN	1	0.28815	-0.0030383	0.28357	NaN	3	-0.023665	0.00027627	-0.015885	NaN	-1	0	0	0	NaN	0.330894	0	NaN\r
854	0.0038406	2	NaN	1	0.2943	-0.0019766	0.27922	NaN	1	1.2864	-0.019338	1.24	NaN	-1	0	0	0	NaN	0.456215	0	NaN\r
856	0.00235099	2	NaN	1	0.29892	-0.0021107	0.27247	NaN	1	1.1446	-0.013611	1.0741	NaN	-1	0	0	0	NaN	0.51962	0	NaN\r
858	0.00144019	2	NaN	1	0.24758	-0.008636	0.20407	NaN	1	0.44739	-0.0078293	0.42726	NaN	1	0.87475	-0.021281	0.76334	NaN	0.697684	0	NaN\r
860	4.4814e-05	1	NaN	1	0.27807	0.015615	0.19844	NaN	1	0.38387	0	0.27909	NaN	-1	0	0	0	NaN	0.89826	0	NaN\r
862	0	0	NaN	0	0	0	0	NaN	0	0	0	0	NaN	0	0	0	0	NaN	0	0	NaN\r
864	0.000108094	1	NaN	1	0.19161	-0.001659	0.14792	NaN	2	0.046309	0	0.0030007	NaN	-1	0	0	0	NaN	1.4535	-2.7632	NaN\r
866	0	0	NaN	0	0	0	0	NaN	0	0	0	0	NaN	0	0	0	0	NaN	0	0	NaN\r
868	1.05438e-05	1	NaN	6	0.82719	0.009131	0	NaN	2	0.20921	0	0.012057	NaN	1	1.0294	0.02943	0.91153	NaN	2.1759	-2.7008	NaN\r
870	0	0	NaN	0	0	0	0	NaN	0	0	0	0	NaN	0	0	0	0	NaN	0	0	NaN\r
872	0	0	NaN	0	0	0	0	NaN	0	0	0	0	NaN	0	0	0	0	NaN	0	0	NaN\r
874	0	0	NaN	0	0	0	0	NaN	0	0	0	0	NaN	0	0	0	0	NaN	0	0	NaN\r
876	0.000361365	1	NaN	1	0.18741	-0.0025349	0.13446	NaN	2	0.025473	0	0.0019251	NaN	-1	0	0	0	NaN	1.3429	-1.6801	NaN\r
878	0.000670369	1	NaN	1	0.19742	-0.0041164	0.17701	NaN	2	0.0089527	0	0.0015101	NaN	-1	0	0	0	NaN	0.658743	0	NaN\r
880	0.00041416	1	NaN	1	0.19512	-0.00097683	0.15698	NaN	3	-0.017565	0	-0.047235	NaN	1	1.0394	-0.015188	0.96049	NaN	0.876153	0	NaN\r
882	0.00193737	2	NaN	1	0.22189	-0.0084691	0.18264	NaN	1	0.89404	-0.014754	0.86854	NaN	1	0.85783	-0.020849	0.76272	NaN	0.606697	0	NaN\r
884	0.00138539	2	NaN	1	0.31557	0.0018503	0.28937	NaN	1	0.89725	-0.00786	0.81026	NaN	-1	0	0	0	NaN	0.505506	0	NaN\r
886	0.00560619	2	NaN	1	0.28401	-0.0066498	0.28541	NaN	1	-0.0097403	0	0.034715	NaN	2	0.055106	0.097499	0.15456	NaN	0.333	0	NaN\r
888	0.00584575	2	NaN	1	0.27453	-0.010893	0.29449	NaN	1	0.059977	0	0.15958	NaN	-1	0	0	0	NaN	-0.16542	0.81529	NaN\r
890	0.00584382	2	NaN	1	0.22304	-0.0034263	0.21713	NaN	3	-0.029773	0.00044944	-0.015932	NaN	-1	0	0	0	NaN	0.311502	0	NaN\r
892	0.00888508	2	NaN	1	0.29191	-0.0056	0.29505	NaN	1	0.0063686	0	0.051713	NaN	2	0.038938	0.10599	0.15664	NaN	0.063524	0.66583	NaN\r
894	0.0380748	3	NaN	1	0.53645	-0.040203	0.48961	NaN	1	0.036237	0	0.15619	NaN	1	0.0082972	0.00023313	0.080961	NaN	-0.163967	0	NaN\r
896	0.106148	3	NaN	1	-0.03278	0.0042432	0.09993	NaN	1	0.15547	-0.0021712	0.4157	NaN	-1	0	0	0	NaN	0.024778	0.18206	NaN\r
898	0.133234	3	NaN	1	0.22623	-0.0086421	0.41256	NaN	1	0.20055	-0.0034963	0.47004	NaN	-1	0	0	0	NaN	0.25995	-0.20755	NaN\r
900	0.111005	3	NaN	1	0.2572	-0.0086469	0.50152	NaN	1	0.21065	-0.0023726	0.52915	NaN	-1	0	0	0	NaN	0.326495	0	NaN\r
902	0.148915	3	NaN	1	0.24202	-0.0064536	0.51991	NaN	1	0.23423	-0.0029913	0.58185	NaN	1	0.25116	-0.0021534	0.63387	NaN	0.358564	0	NaN\r
904	0.0407451	3	NaN	1	0.021739	0	0.081419	NaN	1	0.15268	-0.0015238	0.26507	NaN	-1	0	0	0	NaN	0.261107	0	NaN\r
906	0.0817201	3	NaN	1	0.1904	-0.0053566	0.38231	NaN	1	0.16972	-0.0020064	0.42221	NaN	-1	0	0	0	NaN	0.221416	0	NaN\r
908	0.175198	3	NaN	1	0.19063	-0.0071813	0.42333	NaN	1	0.15394	-0.0026964	0.44788	NaN	-1	0	0	0	NaN	0.281964	0	NaN\r
910	0.188979	3	NaN	1	0.21933	-0.009319	0.38844	NaN	1	0.12531	-0.0021425	0.33978	NaN	1	0.11103	-0.0011075	0.32833	NaN	0.197594	0	NaN\r
912	0.135412	3	NaN	1	0.28971	-0.010736	0.48693	NaN	1	0.19949	-0.0040365	0.44802	NaN	-1	0	0	0	NaN	0.266685	0	NaN\r
914	0.19281	3	NaN	1	0.21295	-0.0095574	0.40331	NaN	1	0.13619	-0.0026038	0.39081	NaN	-1	0	0	0	NaN	0.199978	0	NaN\r
916	0.242392	3	NaN	1	0.16253	-0.0062233	0.39266	NaN	1	0.14692	-0.0025119	0.46638	NaN	-1	0	0	0	NaN	0.180457	0	NaN\r
918	0.217769	3	NaN	1	0.1185	-0.0027652	0.29576	NaN	1	0.14716	-0.0022484	0.41086	NaN	-1	0	0	0	NaN	0.121135	0	NaN\r
920	0.0934244	3	NaN	1	-0.028755	0.0015491	0.11494	NaN	1	0.11275	-0.0008655	0.4097	NaN	-1	0	0	0	NaN	-0.090168	0.51546	NaN\r
922	0.107142	3	NaN	1	-0.10351	0.0039798	-0.027547	NaN	1	0.079886	-0.00051605	0.25162	NaN	1	0.064308	-0.0002763	0.22153	NaN	-0.014866	0.47989	NaN\r
924	0.0920235	3	NaN	1	0.57806	-0.028526	0.59106	NaN	1	0.026765	0.00039505	0.11266	NaN	1	0.01933	0.00012	0.09166	NaN	0.062111	-0.22522	NaN\r
926	0.0902661	3	NaN	1	0.58048	-0.022706	0.59086	NaN	1	0.017533	0.00039912	0.088545	NaN	1	0.0069699	0.00020261	0.063641	NaN	0.066645	-0.20763	NaN\r
928	0.201799	3	NaN	1	-0.038681	0.0012593	0.024781	NaN	1	0.15074	-0.002161	0.31545	NaN	1	0.07889	-0.00042278	0.20366	NaN	0.076197	0	NaN\r
930	0.44735	4	NaN	1	0.044957	0	0.20252	NaN	1	0.089649	-0.00052565	0.23491	NaN	1	0.062341	-0.0001289	0.16117	NaN	-0.047077	0.77401	NaN\r
932	0.887441	4	NaN	1	0.48368	-0.015318	1.1517	NaN	1	0.20417	-0.0027838	0.54016	NaN	1	0.14187	-0.00046144	0.4206	NaN	0.14371	-0.35192	NaN\r
934	1.39368	4	NaN	1	0.73985	-0.027432	1.4127	NaN	1	0.25575	-0.0029574	0.53476	NaN	1	0.15914	-0.00038804	0.39528	NaN	0.48886	-1.152	NaN\r
936	1.56147	4	NaN	1	0.51671	-0.018764	1.4513	NaN	1	0.20803	-0.0032887	0.59471	NaN	1	0.12294	-0.00036516	0.45997	NaN	0.40418	-0.95049	NaN\r
938	1.19108	4	NaN	1	0.64057	-0.027124	1.4147	NaN	1	0.24255	-0.0039182	0.52225	NaN	1	0.1066	-0.00024619	0.34398	NaN	0.63599	-1.4884	NaN\r
940	0.404589	4	NaN	1	0.34699	-0.0038404	0.77911	NaN	1	0.21059	-0.0024645	0.38473	NaN	1	0.11019	-0.00024523	0.26872	NaN	0.29843	-0.68276	NaN\r
942	0.529551	4	NaN	1	0.56552	-0.01377	1.202	NaN	1	0.2491	-0.0028536	0.51442	NaN	1	0.1493	-0.00032597	0.37982	NaN	0.33904	-0.79895	NaN\r
944	1.10049	4	NaN	1	0.48857	-0.026039	1.6072	NaN	1	0.16734	-0.0036175	0.59184	NaN	1	0.086014	-0.00014592	0.46512	NaN	0.60008	-1.4044	NaN\r
946	1.31978	4	NaN	1	0.42501	-0.014941	1.2416	NaN	1	0.19281	-0.0032529	0.53704	NaN	1	0.10763	-0.00030497	0.41008	NaN	0.38845	-0.92831	NaN\r
948	0.978001	4	NaN	1	0.48905	-0.026377	1.2448	NaN	1	0.1379	-0.0024996	0.43706	NaN	1	0.07811	-0.00019074	0.33885	NaN	0.40801	-0.96134	NaN\r
950	1.48501	4	NaN	1	0.62362	-0.026085	1.455	NaN	1	0.22212	-0.0032585	0.54872	NaN	-1	0	0	0	NaN	0.54772	-1.2859	NaN\r
952	0.91432	4	NaN	1	0.66287	-0.028234	1.4078	NaN	1	0.23757	-0.0037348	0.5496	NaN	-1	0	0	0	NaN	0.3734	-0.90125	NaN\r
954	0.476327	4	NaN	1	0.11222	0.0044424	0.45658	NaN	1	0.17067	-0.001807	0.38425	NaN	1	0.10927	-0.00022964	0.28917	NaN	0.008626	0.044146	NaN\r
956	0.700099	4	NaN	1	0.071044	0	0.46585	NaN	1	0.093423	-0.002162	0.30308	NaN	1	0.025804	0	0.1911	NaN	-0.095391	0.43493	NaN\r
958	0.500293	4	NaN	1	0.096687	0.0051783	0.65253	NaN	1	0.10717	-0.0011194	0.39956	NaN	1	0.084261	-0.00018752	0.35401	NaN	-0.015836	0.061848	NaN\r
960	0.426709	4	NaN	1	-0.029262	0.0058009	0.15226	NaN	1	0.11372	-0.0011325	0.25143	NaN	1	0.06526	-0.00024234	0.173	NaN	-0.13186	0.64571	NaN\r
962	0.426902	4	NaN	1	0.15799	-0.004982	0.46678	NaN	1	0.099466	-0.0012585	0.27939	NaN	1	0.057235	-0.00016626	0.20004	NaN	0.044208	0.20557	NaN\r
964	0.400447	4	NaN	1	0.11243	-0.002483	0.4346	NaN	1	0.077181	-0.00079372	0.26741	NaN	1	0.054661	-0.00017586	0.21069	NaN	-0.053118	0.41595	NaN\r
966	0.239212	3	NaN	1	0.22567	-0.0092889	0.38078	NaN	1	0.15294	-0.0020665	0.38076	NaN	-1	0	0	0	NaN	0.27922	-0.50613	NaN\r
968	0.10231	3	NaN	1	0.23965	-0.0096983	0.46882	NaN	1	0.18188	-0.00298	0.49675	NaN	-1	0	0	0	NaN	0.24202	0	NaN\r
970	0.116759	3	NaN	1	0.2596	-0.012693	0.3769	NaN	1	0.15695	-0.0026361	0.36544	NaN	-1	0	0	0	NaN	0.22093	-0.3775	NaN\r
972	0.0733381	3	NaN	1	0.33052	-0.0084294	0.53281	NaN	1	0.30508	-0.0039629	0.58762	NaN	-1	0	0	0	NaN	0.331527	0	NaN\r
974	0.154722	3	NaN	1	0.17648	-0.0072168	0.32489	NaN	1	0.15095	-0.0029353	0.37357	NaN	1	0.10282	-0.00090241	0.3067	NaN	0.16641	0	NaN\r
976	0.16587	3	NaN	1	0.32069	-0.011594	0.47312	NaN	1	0.24759	-0.0044327	0.4764	NaN	-1	0	0	0	NaN	0.232254	0	NaN\r
978	0.124328	3	NaN	1	0.13322	-0.0045986	0.26689	NaN	1	0.13818	-0.0016287	0.34189	NaN	-1	0	0	0	NaN	0.15627	-0.20099	NaN\r
980	0.135569	3	NaN	1	0.029959	0.0012301	0.18557	NaN	1	0.16712	-0.0026318	0.44649	NaN	-1	0	0	0	NaN	0.087534	0	NaN\r
982	0.0593361	3	NaN	1	0.5495	-0.030401	0.54811	NaN	1	0.039983	0	0.13638	NaN	1	0.012215	0.00027552	0.086401	NaN	0	-0.231	NaN\r
984	0.0203956	3	NaN	1	0.56747	-0.022974	0.51091	NaN	1	0.056533	0.00019029	0.11607	NaN	1	0.025401	0	0.059108	NaN	0.010893	-0.44577	NaN\r
986	0.0105178	2	NaN	1	0.24442	-0.0076981	0.20204	NaN	1	1.1289	-0.016172	1.0862	NaN	-1	0	0	0	NaN	0.725043	0	NaN\r
988	0.0187471	2	NaN	1	0.24719	-0.016111	0.24831	NaN	1	0.040892	0	0.15964	NaN	2	0.039554	0.16088	0.28856	NaN	-0.050726	1.3934	NaN\r
990	0.0166913	2	NaN	1	0.24733	-0.011613	0.20981	NaN	3	-0.029813	0.00044317	-0.0055375	NaN	2	0.1962	0.82437	1.0354	NaN	0.742167	0	NaN\r
992	0.00377773	2	NaN	1	0.25192	-0.0053514	0.21287	NaN	1	0.58288	-0.0068928	0.54743	NaN	-1	0	0	0	NaN	0.642398	0	NaN\r
994	0.00262918	2	NaN	1	0.25182	-0.0039259	0.21996	NaN	1	0.73312	-0.0085131	0.68702	NaN	-1	0	0	0	NaN	0.574871	0	NaN\r
996	0.00305455	2	NaN	1	0.27831	-0.0068197	0.23513	NaN	1	1.5243	-0.020169	1.4706	NaN	-1	0	0	0	NaN	0.758079	0	NaN\r
998	0.00254857	2	NaN	1	0.26238	-0.0051351	0.24683	NaN	3	-0.029592	0.00042282	-0.021963	NaN	1	0.96835	-0.021703	0.9501	NaN	0.451603	0	NaN\r
1000	0.00484199	2	NaN	1	0.28961	-0.0018367	0.273	NaN	1	1.2896	-0.021529	1.2388	NaN	-1	0	0	0	NaN	0.418743	0	NaN\r
1002	0.0122609	2	NaN	1	0.29467	-0.0043927	0.29485	NaN	3	-0.030742	0.00039925	-0.0053496	NaN	1	0.97058	-0.025624	0.98103	NaN	0.281081	0	NaN\r
1004	0.00532496	2	NaN	1	0.30547	-0.0027971	0.30389	NaN	3	-0.032406	0.00044383	-0.020125	NaN	1	0.9951	-0.023619	0.99982	NaN	0.271297	0	NaN\r
1006	0.00357193	2	NaN	1	0.31195	-0.0035251	0.31516	NaN	3	-0.028947	0.00034436	-0.0074587	NaN	-1	0	0	0	NaN	-0.015128	0.66511	NaN\r
1008	0.00449116	2	NaN	1	0.29265	-0.0033965	0.29069	NaN	3	-0.022808	0.00025267	-0.0055336	NaN	-1	0	0	0	NaN	0.2938	0	NaN\r
1010	0.00763964	2	NaN	1	0.31998	-0.0031363	0.32814	NaN	3	-0.028104	0.00034142	-0.0097224	NaN	-1	0	0	0	NaN	-0.050369	0.34724	NaN\r
1012	0.00414552	2	NaN	1	0.33099	-0.0027693	0.33785	NaN	3	-0.027175	0.00033852	-0.01403	NaN	-1	0	0	0	NaN	0.002364	0.32291	NaN\r
1014	0.00133779	2	NaN	1	0.33372	0.001824	0.32486	NaN	1	0.35175	-0.0033233	0.31156	NaN	-1	0	0	0	NaN	0.43301	-0.40059	NaN\r
1016	0.0019445	2	NaN	1	0.31431	-0.002731	0.32054	NaN	3	-0.027627	0.00032898	-0.008495	NaN	1	0.69724	-0.014245	0.7302	NaN	0.032597	0.23378	NaN\r
1018	0.000932116	1	NaN	1	0.20271	0.00054289	0.19532	NaN	3	-0.017907	0	-0.016279	NaN	1	0.78457	-0.014166	0.76915	NaN	0.513274	0	NaN\r
1020	0.00148389	2	NaN	1	0.32252	-0.00099744	0.32024	NaN	1	0.6318	-0.0075103	0.60062	NaN	-1	0	0	0	NaN	0.34528	-0.13622	NaN\r
1022	0.00212013	2	NaN	1	0.32735	0.00040098	0.32135	NaN	1	0.69727	-0.0089196	0.64577	NaN	-1	0	0	0	NaN	0.256571	0	NaN\r
1024	0.00680903	2	NaN	1	0.29693	-0.0022468	0.29438	NaN	3	-0.028323	0.00036496	-0.02367	NaN	-1	0	0	0	NaN	0.266307	0	NaN\r
1026	0.0018165	2	NaN	1	0.31071	0.0012048	0.2926	NaN	1	0.56885	-0.0040902	0.51787	NaN	-1	0	0	0	NaN	0.39494	0.080704	NaN\r
1028	0.00195932	2	NaN	1	0.29048	-0.0033089	0.27772	NaN	3	-0.026656	0.00031041	-0.028954	NaN	-1	0	0	0	NaN	0.455292	0	NaN\r
1030	0.000527707	1	NaN	1	0.21585	0	0.17595	NaN	3	-0.012891	0	-0.045661	NaN	1	0.99014	0	0.87608	NaN	0.852071	0	NaN\r
1032	0.000453764	1	NaN	1	0.19545	-0.00090898	0.16251	NaN	3	-0.011841	0	-0.039842	NaN	1	0.98984	0	0.90256	NaN	0.745533	0	NaN\r
1034	0.000197766	1	NaN	1	0.18587	-0.0028226	0.12605	NaN	1	0.03446	0	0.027507	NaN	-1	0	0	0	NaN	1.13682	0	NaN\r
1036	0.000393041	1	NaN	1	0.21435	0	0.1779	NaN	1	1.8796	0	1.6714	NaN	-1	0	0	0	NaN	0.612556	0	NaN\r
1038	3.42688e-05	1	NaN	1	0.32836	0.025672	0.19803	NaN	1	116.75	0	77.201	NaN	-1	0	0	0	NaN	0.8463	0	NaN\r
1040	5.27184e-06	1	NaN	1	0.095214	0.064175	0.057354	NaN	1	8.048	0.028651	2.2694	NaN	1	1.794	-0.0044411	0.31928	NaN	0.6	0	NaN\r
1042	0	0	NaN	0	0	0	0	NaN	0	0	0	0	NaN	0	0	0	0	NaN	0	0	NaN\r
1044	0	0	NaN	0	0	0	0	NaN	0	0	0	0	NaN	0	0	0	0	NaN	0	0	NaN\r
1046	0	0	NaN	0	0	0	0	NaN	0	0	0	0	NaN	0	0	0	0	NaN	0	0	NaN\r
1048	1.84519e-05	1	NaN	1	0.14094	-0.0071428	0.18127	NaN	2	-0.42703	0.85999	0.92488	NaN	1	0.34268	0	0.6723	NaN	0	0	NaN\r
1050	2.63603e-05	1	NaN	6	1	-0.14114	0	NaN	5	0.49236	0	1.4037	NaN	1	0.10722	0	0.56628	NaN	0	0	NaN\r
1052	2.63603e-05	1	NaN	1	-0.028734	0	-0.0059199	NaN	5	1.0122	0	1.7863	NaN	1	0.28731	0	0.64925	NaN	0	0	NaN\r
1054	2.63603e-05	1	NaN	6	1	0.094786	0	NaN	5	0.52966	0	0.5325	NaN	-1	0	0	0	NaN	1	0	NaN\r
1056	0.000134465	1	NaN	1	0.21697	0.0033591	0.15401	NaN	1	5.3557	0.029208	4.5524	NaN	1	0.99127	0	0.79071	NaN	1.0682	0	NaN\r
1058	0.000123916	1	NaN	1	0.1523	-0.030771	0.096909	NaN	5	0.50926	0	0.62215	NaN	-1	0	0	0	NaN	1.9147	0	NaN\r
1060	0.000118642	1	NaN	1	0.17826	-0.0062712	0.047008	NaN	0	0	0.984029	0.0513466	NaN	-1	0	0	0	NaN	1.9667	0	NaN\r
1062	0.000662441	1	NaN	1	0.22061	0	0.18784	NaN	3	-0.020896	0	-0.047993	NaN	-1	0	0	0	NaN	0.789717	0	NaN\r
1064	8.96356e-05	1	NaN	1	0.17839	-0.004723	0.073144	NaN	2	-0.3058	2.046	1.8821	NaN	-1	0	0	0	NaN	1	0	NaN\r
1066	0.000279553	1	NaN	1	0.19611	-0.00076959	0.15418	NaN	0	0	1.01031	0.0469978	NaN	-1	0	0	0	NaN	1.3219	0	NaN\r
1068	0.00203208	2	NaN	1	0.2703	-0.0087476	0.21063	NaN	1	0.82649	-0.0092148	0.78045	NaN	-1	0	0	0	NaN	0.958321	0	NaN\r
1070	0.00553075	2	NaN	1	0.27116	-0.010412	0.23301	NaN	3	-0.026585	0.0002699	-0.0020034	NaN	-1	0	0	0	NaN	0.858255	0	NaN\r
1072	0.00551491	2	NaN	1	0.29166	-0.0060823	0.2566	NaN	3	-0.026494	0.0003191	-0.024894	NaN	-1	0	0	0	NaN	0.82974	0	NaN\r
1074	0.00102736	1	NaN	1	0.21967	0	0.18313	NaN	0	0	1.00674	0.0406882	NaN	-1	0	0	0	NaN	1.17584	0	NaN\r
1076	0.00301897	2	NaN	1	0.1786	-0.0091702	0.1289	NaN	1	1.0691	-0.012699	1.0267	NaN	-1	0	0	0	NaN	0.778991	0	NaN\r
1078	0.0134538	2	NaN	1	0.26219	-0.011247	0.26181	NaN	1	0.031929	0	0.1095	NaN	2	0.025439	0.11556	0.18502	NaN	0.031742	1.046	NaN\r
1080	0.0173932	2	NaN	1	0.27137	-0.01663	0.31806	NaN	0	0	1.00933	-0.260107	NaN	-1	0	0	0	NaN	-0.90741	1.5803	NaN\r
1082	0.00841146	2	NaN	1	0.29992	-0.003082	0.28974	NaN	3	-0.023267	0.00029574	-0.009732	NaN	-1	0	0	0	NaN	0.491677	0	NaN\r
1084	0.0281504	3	NaN	1	0.58365	-0.030423	0.60423	NaN	1	0.065806	-0.00038029	0.17003	NaN	1	0.035545	0	0.11994	NaN	-0.016211	-0.15203	NaN\r
1086	0.0547442	3	NaN	1	0.017176	0.0014501	0.15173	NaN	1	0.1066	-0.0011255	0.31924	NaN	-1	0	0	0	NaN	0.111059	0	NaN\r
1088	0.0108755	2	NaN	1	0.2856	-0.0086575	0.29312	NaN	1	0.054403	0	0.13166	NaN	-1	0	0	0	NaN	0.40668	0	NaN\r
1090	0.042997	3	NaN	1	0.06524	-0.0011444	0.16711	NaN	1	0.093652	-0.00090683	0.24449	NaN	1	0.085947	-0.00057865	0.23344	NaN	0.100001	0	NaN\r
1092	0.0120274	2	NaN	1	0.13161	0.0011166	0.18641	NaN	1	0.43694	-0.0031809	0.59959	NaN	-1	0	0	0	NaN	-0.473648	0	NaN\r
1094	0.0196272	2	NaN	1	0.27884	-0.010464	0.29001	NaN	1	0.12133	-0.00049461	0.21811	NaN	-1	0	0	0	NaN	0.001161	1.034	NaN\r
1096	0.077914	3	NaN	1	0.60504	-0.029948	0.64578	NaN	1	0.046134	0	0.14566	NaN	1	0.044298	-0.00012467	0.13767	NaN	0.090191	0	NaN\r
1098	0.0780103	3	NaN	1	0.56931	-0.025279	0.56751	NaN	1	0.0067758	0	0.069539	NaN	1	0.0013355	0.00015773	0.057863	NaN	0.038265	-0.22752	NaN\r
1100	0.110409	3	NaN	1	0.14848	-0.004748	0.24485	NaN	1	0.11712	-0.0012708	0.25946	NaN	1	0.10004	-0.00066997	0.23588	NaN	0.147116	0	NaN\r
